inputlyrs/asc/Age_t0.asc
NCOLS 805 
NROWS 436 
XLLCORNER -826981 
YLLCORNER 118589 
CELLSIZE 2000 
NODATA_value -9999 
[rows 82 to 122 of 436, columns 279 to 371 of 805]
5 15 0 110 -9999 210 15 5 0 20 10 20 130 120 200 15 10 20 55 20 220 15 25 -9999 175 30 140 -9999 145 120 120 25 110 220 5 0 5 220 -9999 15 -9999 -9999 -9999 -9999 -9999 -9999 -9999 -9999 -9999 -9999 -9999 -9999 0 5 5 5 90 180 90 220 110 85 180 125 90 180 110 155 110 5 20 10 10 10 75 5 70 0 80 20 10 5 20 20 55 5 5 5 -9999 0 90 15 20
20 0 15 20 20 190 10 0 130 10 130 -9999 110 10 120 190 0 200 60 75 5 15 15 0 120 175 110 -9999 175 25 30 190 5 210 15 5 20 10 20 -9999 -9999 -9999 -9999 -9999 -9999 -9999 -9999 -9999 -9999 -9999 -9999 -9999 -9999 10 10 5 5 220 125 180 110 110 220 220 180 220 175 5 5 5 5 20 0 0 65 0 0 5 0 15 0 5 0 -9999 10 -9999 0 20 15 25 20 5 20
20 15 5 110 20 -9999 5 -9999 20 5 130 0 120 130 10 -9999 120 190 220 30 5 35 5 140 140 120 -9999 30 5 30 145 15 190 190 190 190 15 10 10 0 -9999 -9999 -9999 -9999 -9999 -9999 -9999 -9999 -9999 -9999 -9999 20 5 0 5 5 20 125 180 220 5 100 5 180 100 220 180 220 90 180 75 10 0 5 15 5 10 15 10 65 20 -9999 10 0 120 20 0 20 0 30 20 15 20
10 10 140 0 20 0 0 -9999 0 220 0 0 15 -9999 110 190 210 210 145 30 35 190 145 140 145 170 165 120 5 170 180 10 0 10 5 130 20 10 20 10 15 15 -9999 -9999 -9999 -9999 -9999 -9999 -9999 -9999 -9999 -9999 -9999 15 5 15 5 5 145 160 5 5 100 5 100 5 180 180 5 125 125 90 55 10 80 20 15 15 5 10 20 15 5 0 10 10 15 15 10 0 5 10 0
10 140 140 5 5 20 0 5 0 130 -9999 110 5 120 140 210 20 220 150 130 -9999 140 -9999 30 -9999 5 30 140 15 5 30 110 10 200 110 20 5 -9999 0 10 5 10 -9999 -9999 -9999 -9999 -9999 -9999 -9999 -9999 -9999 -9999 -9999 10 140 -9999 100 0 220 5 155 45 180 5 125 125 100 180 90 220 5 5 45 10 80 130 140 10 10 -9999 20 15 40 10 10 5 10 5 0 15 20 5 -9999
10 -9999 -9999 0 5 0 15 20 0 15 -9999 20 -9999 130 110 200 220 130 140 130 140 30 120 175 175 160 145 175 15 5 200 -9999 10 140 15 190 5 10 20 10 20 130 20 -9999 -9999 -9999 -9999 -9999 -9999 -9999 -9999 -9999 -9999 10 0 -9999 20 0 190 180 230 5 220 180 5 125 180 90 100 180 60 90 110 15 110 10 20 10 70 60 15 20 -9999 5 5 0 0 10 20 20 20 10 5
10 -9999 0 -9999 20 15 15 20 15 5 -9999 0 130 210 -9999 140 220 -9999 30 130 145 180 145 175 135 30 125 5 175 140 10 140 200 10 20 15 0 5 5 15 20 20 220 20 -9999 30 -9999 -9999 -9999 -9999 -9999 -9999 20 -9999 15 10 0 15 10 60 180 125 220 220 5 125 75 5 5 90 5 90 220 10 5 120 110 5 -9999 10 5 5 0 65 20 10 10 -9999 15 20 15 20 15
10 10 10 0 20 10 110 10 15 20 5 15 10 200 120 135 140 140 130 -9999 130 170 175 170 120 5 5 5 30 -9999 20 10 5 20 20 20 10 10 5 -9999 20 5 5 20 15 15 15 -9999 -9999 -9999 -9999 -9999 -9999 25 135 120 10 25 25 75 125 220 110 5 180 5 125 220 5 5 220 90 180 5 120 110 110 -9999 80 110 130 80 5 0 20 0 5 0 5 20 15 5 5
-9999 20 0 0 0 15 130 15 0 15 10 -9999 220 220 130 150 145 120 -9999 30 150 180 145 170 30 5 5 5 145 5 5 5 15 140 20 5 120 0 -9999 5 10 5 -9999 10 20 -9999 160 -9999 25 25 -9999 -9999 25 135 165 25 85 160 25 155 85 180 90 180 180 125 5 180 220 5 90 90 5 190 -9999 0 110 130 130 130 20 10 120 0 15 0 -9999 0 110 0 15 15 10
15 15 20 10 -9999 15 10 10 15 10 10 20 0 5 155 130 125 -9999 15 15 -9999 30 5 5 -9999 5 5 5 5 5 15 5 190 15 15 20 -9999 55 20 0 0 10 10 120 15 25 25 25 25 25 -9999 -9999 135 165 145 160 -9999 25 135 10 100 20 75 125 125 90 125 5 180 5 90 90 90 5 -9999 -9999 15 120 5 10 140 140 110 -9999 110 10 140 140 20 15 15 20 65
45 15 20 20 220 0 -9999 190 5 5 20 -9999 0 145 120 -9999 -9999 5 145 -9999 -9999 5 5 5 175 -9999 145 30 5 30 -9999 120 15 120 -9999 10 20 -9999 210 190 200 20 15 15 0 25 25 15 135 25 65 -9999 135 25 165 155 160 130 25 155 90 25 160 220 220 45 180 105 85 220 230 75 75 180 180 -9999 0 120 120 20 35 130 130 110 130 130 120 110 0 5 20 15 5
5 5 10 20 -9999 -9999 -9999 10 5 5 50 15 -9999 145 140 130 130 145 10 -9999 -9999 135 5 30 20 5 30 30 -9999 30 15 30 20 220 15 20 20 200 220 200 110 200 130 20 25 25 185 -9999 130 25 25 15 135 25 135 160 25 -9999 90 15 15 20 20 10 125 5 180 75 125 5 90 90 50 -9999 220 220 5 120 120 110 25 130 140 130 110 130 130 5 20 20 -9999 10 0
20 10 10 0 220 110 -9999 10 10 10 0 45 30 -9999 135 -9999 10 10 10 30 95 145 -9999 -9999 0 0 30 30 30 30 15 15 30 10 20 15 20 20 25 140 190 160 160 220 95 15 25 25 25 25 25 15 -9999 25 25 25 135 -9999 90 25 15 80 155 25 5 180 5 125 180 220 220 90 125 220 75 220 75 15 110 20 0 140 10 15 20 0 15 5 5 10 20 15 0
10 15 130 110 110 80 -9999 20 10 5 190 210 125 145 -9999 -9999 -9999 10 10 -9999 -9999 -9999 165 80 5 15 130 30 30 30 15 30 15 25 10 10 25 80 25 195 30 160 160 135 135 25 25 25 15 25 25 15 25 145 160 25 25 160 10 160 15 25 75 20 190 5 125 180 90 125 75 145 5 75 220 190 180 5 -9999 10 -9999 10 120 15 190 5 -9999 140 -9999 0 0 20 10
0 120 190 220 210 -9999 10 120 0 -9999 140 140 -9999 -9999 145 -9999 5 30 -9999 25 -9999 165 25 160 0 80 -9999 30 120 30 30 15 135 25 25 50 60 135 20 125 140 165 140 160 150 25 25 25 25 25 25 165 25 165 25 25 25 10 25 180 130 25 20 -9999 5 10 220 75 105 90 180 160 5 125 -9999 180 220 5 5 25 10 10 5 15 20 10 40 15 120 0 20 15 85
15 -9999 110 15 15 -9999 15 25 110 170 140 5 30 145 30 170 10 5 25 155 140 -9999 165 -9999 25 -9999 155 -9999 25 145 15 0 20 25 25 25 20 20 20 125 50 25 135 185 15 -9999 145 20 25 25 25 25 25 25 135 25 145 10 10 10 160 25 -9999 160 25 25 165 75 5 5 90 180 5 -9999 220 5 190 50 5 0 -9999 130 15 20 110 10 10 15 15 0 15 15 0
5 -9999 140 10 -9999 110 110 130 120 140 150 145 5 5 135 10 10 -9999 -9999 -9999 140 25 30 25 110 -9999 140 20 140 25 15 25 25 15 25 15 25 80 135 155 155 165 105 15 15 20 25 160 165 160 15 135 25 135 25 25 25 90 25 10 25 90 -9999 15 30 80 95 150 5 70 90 90 90 90 180 145 5 220 90 50 140 130 130 15 80 0 10 15 120 130 0 5 15
-9999 200 110 140 140 130 110 200 145 30 145 5 5 5 30 145 -9999 145 160 155 165 25 30 25 20 35 25 25 25 -9999 5 10 25 10 15 25 25 15 20 15 20 20 15 20 15 20 15 15 25 15 160 25 25 50 20 25 25 125 165 -9999 -9999 25 25 25 25 25 160 180 110 90 5 220 90 190 75 5 125 90 135 110 140 140 20 70 10 110 5 15 140 130 5 0 15
0 0 5 15 -9999 120 130 130 145 145 170 140 10 150 10 170 170 145 150 25 30 25 30 165 165 25 -9999 15 25 165 25 -9999 25 5 15 15 15 25 25 25 20 20 155 20 155 25 165 -9999 25 -9999 135 145 165 160 25 95 25 25 10 25 25 25 20 25 -9999 90 25 180 220 220 5 5 220 110 220 220 90 165 165 175 200 10 130 20 55 20 5 20 10 5 10 0 0
15 140 140 0 110 120 120 140 -9999 145 -9999 30 145 5 150 30 170 165 155 30 30 25 125 155 165 15 10 0 25 20 25 10 20 5 25 25 25 80 145 25 20 15 25 15 25 145 135 15 130 155 160 155 160 160 160 145 25 10 10 135 165 25 60 25 25 25 125 160 190 90 220 220 75 220 90 90 185 165 135 -9999 190 20 10 15 15 90 20 15 75 15 0 5 10
15 110 220 110 140 145 140 -9999 145 130 170 170 10 10 -9999 170 160 150 170 30 30 30 135 25 160 0 15 20 5 140 25 10 25 -9999 25 115 -9999 145 135 115 85 25 25 15 15 180 165 155 135 155 160 160 25 160 -9999 165 160 25 -9999 180 25 95 75 -9999 85 25 155 140 220 220 90 75 220 100 180 145 165 145 160 160 15 15 5 5 190 85 90 90 220 5 90 110 110
-9999 -9999 75 150 -9999 150 140 145 145 15 5 10 10 10 140 165 -9999 30 150 170 30 30 30 25 55 25 -9999 0 25 20 0 25 140 -9999 5 0 -9999 -9999 165 145 80 155 25 25 15 165 125 155 25 135 -9999 140 25 155 165 165 165 160 25 25 25 25 80 25 85 25 135 160 220 220 75 25 140 160 155 165 185 140 175 15 15 25 160 160 160 75 5 5 90 5 0 140 110
5 20 110 5 -9999 145 -9999 120 140 15 55 10 145 150 145 145 30 165 135 20 165 30 30 150 25 25 20 145 25 0 25 10 10 20 5 0 75 25 25 80 -9999 140 135 60 145 145 -9999 165 25 160 -9999 155 -9999 140 155 135 25 100 -9999 10 25 25 65 65 25 140 165 140 5 180 75 140 185 140 160 15 165 135 15 185 175 25 150 155 175 220 5 220 90 -9999 130 130 120
15 5 200 30 145 5 30 5 30 15 10 170 145 140 -9999 10 10 135 -9999 15 30 30 30 25 0 25 25 25 -9999 -9999 10 160 -9999 140 -9999 5 25 80 -9999 70 80 80 25 25 135 125 65 20 80 155 25 155 155 135 25 145 25 25 25 25 25 95 25 25 25 25 165 -9999 220 75 15 15 160 160 15 175 145 160 140 160 140 150 145 150 150 75 90 90 90 60 110 140 140
0 220 10 10 135 140 5 5 30 10 10 145 145 -9999 10 10 10 155 30 30 140 15 -9999 25 25 10 0 160 15 25 25 20 20 20 25 25 140 90 90 100 -9999 85 135 95 140 135 140 130 25 155 105 25 25 25 155 -9999 25 25 10 25 25 100 100 160 25 25 135 100 145 100 15 15 160 160 15 140 160 165 25 165 25 165 175 160 160 180 75 220 5 120 130 140 130
10 5 155 145 145 145 5 145 140 165 145 30 -9999 30 10 -9999 135 30 170 125 160 0 145 155 5 -9999 5 20 -9999 5 25 15 0 15 0 85 25 95 25 135 75 85 90 75 90 -9999 85 135 -9999 155 85 90 165 25 140 95 25 25 -9999 25 25 160 25 100 25 80 160 155 145 160 15 15 15 25 15 155 155 25 135 160 135 160 160 140 135 75 -9999 90 5 145 130 140 130
130 85 165 -9999 10 145 -9999 145 25 0 30 -9999 -9999 150 10 155 160 145 25 160 5 20 160 25 145 25 145 25 20 -9999 -9999 20 0 0 10 85 25 25 25 160 25 145 85 -9999 25 25 155 25 -9999 15 135 85 25 160 -9999 140 160 130 100 115 85 -9999 90 90 100 85 150 140 160 160 175 15 165 150 30 165 -9999 145 165 25 25 165 145 165 155 145 180 75 90 210 10 20 110
30 30 145 145 145 5 5 30 145 0 55 30 30 55 145 165 160 155 -9999 145 25 10 160 25 160 25 25 25 65 25 25 20 5 25 35 20 100 25 25 85 25 155 90 95 85 135 25 140 -9999 85 140 -9999 25 -9999 115 155 135 85 115 85 90 185 -9999 90 100 155 100 160 25 160 175 140 165 30 15 25 155 160 15 140 165 160 160 160 145 150 25 220 10 210 110 5 130
145 30 10 30 145 140 30 160 30 0 25 30 30 140 30 30 155 155 -9999 145 20 145 160 25 15 25 160 25 65 15 25 25 35 20 85 155 25 90 25 25 25 25 110 25 90 90 25 155 85 25 155 95 25 25 155 125 -9999 -9999 85 25 95 60 90 25 90 155 160 165 175 160 175 160 160 25 140 100 160 160 175 25 165 -9999 160 185 160 100 140 210 140 -9999 140 10 130
30 145 10 30 10 145 5 105 0 145 30 140 -9999 -9999 30 30 150 25 -9999 25 145 165 160 110 -9999 5 155 20 -9999 0 145 160 -9999 25 160 85 25 25 85 135 90 85 85 90 75 25 90 90 25 165 75 95 -9999 155 125 145 165 155 90 135 -9999 -9999 160 25 85 25 25 -9999 145 160 25 175 -9999 -9999 160 145 160 140 160 165 165 160 145 25 165 185 210 200 -9999 130 110 10 5
145 10 10 30 15 145 140 25 30 155 155 160 160 30 30 140 -9999 15 -9999 160 155 140 20 15 10 20 20 5 5 160 160 160 145 155 25 85 25 25 85 85 90 25 85 130 115 25 -9999 90 90 -9999 25 90 -9999 65 25 25 85 155 90 25 25 -9999 25 90 25 25 150 140 160 160 -9999 -9999 -9999 25 160 165 145 165 160 25 185 130 165 150 160 145 200 210 20 130 100 140 120
145 140 -9999 30 15 25 20 160 140 140 145 160 25 35 155 20 160 160 145 145 140 5 15 5 15 15 0 5 -9999 160 155 145 145 85 85 85 25 75 90 85 25 155 135 25 95 25 25 25 155 -9999 25 85 65 25 25 25 90 -9999 -9999 25 155 85 100 130 25 155 140 115 25 155 155 150 165 175 160 145 145 25 165 165 155 165 25 150 145 -9999 160 220 140 -9999 120 20 10
135 145 140 30 15 145 160 150 160 155 155 160 25 -9999 20 20 10 160 -9999 -9999 160 10 0 0 145 15 15 145 160 140 140 110 160 35 140 25 140 75 90 120 25 130 85 95 25 25 85 25 145 -9999 -9999 25 145 90 95 85 25 -9999 100 25 95 110 90 130 155 160 160 160 140 -9999 160 140 160 160 145 160 -9999 155 160 160 175 140 165 150 -9999 160 135 140 220 110 130 130 140
15 135 -9999 -9999 10 25 160 25 155 140 15 160 160 -9999 0 5 155 145 -9999 20 10 20 10 25 10 0 160 145 145 145 25 35 35 35 35 155 25 25 165 90 155 60 110 60 25 165 90 15 95 -9999 25 140 135 -9999 -9999 90 25 85 110 25 160 -9999 140 100 -9999 140 160 160 -9999 155 25 155 145 100 30 30 155 105 160 135 165 165 160 165 155 160 210 140 210 -9999 -9999 130 140
15 5 -9999 25 135 15 25 0 10 5 0 25 25 25 -9999 15 10 15 -9999 20 0 0 0 20 20 160 160 25 145 140 35 35 -9999 35 155 -9999 -9999 25 25 140 25 105 100 125 85 85 25 -9999 -9999 -9999 -9999 -9999 80 -9999 -9999 -9999 80 25 -9999 -9999 135 -9999 -9999 155 175 25 160 165 -9999 155 -9999 155 160 165 30 160 155 185 135 165 165 165 165 165 25 145 155 190 0 10 130 140 110
15 150 -9999 160 15 15 25 -9999 155 0 140 10 160 25 155 145 25 85 160 140 20 15 -9999 160 0 0 25 145 160 160 40 25 35 25 160 -9999 165 25 130 35 25 20 95 115 85 95 -9999 -9999 -9999 25 -9999 -9999 25 -9999 -9999 -9999 -9999 -9999 -9999 -9999 -9999 -9999 25 140 155 155 175 160 160 160 -9999 140 140 165 135 0 150 160 165 155 155 25 -9999 160 145 165 165 155 20 140 120 110 140
5 140 25 160 15 0 25 155 -9999 10 160 5 160 155 160 145 -9999 0 160 20 5 5 10 0 -9999 160 160 145 25 35 25 35 35 35 25 -9999 145 25 35 35 25 145 25 25 35 25 140 -9999 -9999 105 95 -9999 -9999 155 -9999 -9999 -9999 -9999 -9999 -9999 -9999 -9999 -9999 25 155 160 90 160 155 155 -9999 165 165 155 165 175 30 25 150 165 160 145 165 150 -9999 155 135 110 140 -9999 0 140 130
15 -9999 5 0 140 20 25 20 165 10 20 125 145 145 -9999 50 145 5 0 20 0 10 15 20 0 25 25 35 25 35 155 155 35 35 25 -9999 25 165 35 25 25 25 35 -9999 35 25 105 -9999 -9999 -9999 -9999 -9999 -9999 25 -9999 -9999 -9999 -9999 -9999 -9999 -9999 -9999 150 160 155 25 25 15 155 135 -9999 145 -9999 -9999 140 160 25 160 160 165 165 165 105 145 135 165 165 110 140 110 0 15 10
5 -9999 25 125 15 160 15 25 -9999 10 155 10 160 25 -9999 25 145 15 15 0 15 0 15 0 25 160 35 25 35 35 35 135 35 160 -9999 -9999 35 135 35 20 165 15 15 20 35 35 -9999 -9999 135 15 -9999 -9999 -9999 -9999 -9999 -9999 -9999 -9999 -9999 -9999 -9999 -9999 25 150 140 150 15 15 150 25 30 160 -9999 -9999 -9999 -9999 25 160 105 105 25 175 140 165 135 165 160 140 130 -9999 120 210 10
15 10 160 -9999 20 160 -9999 145 5 25 15 -9999 -9999 25 25 155 25 5 15 -9999 0 5 10 0 10 -9999 25 35 35 -9999 160 35 35 35 35 -9999 25 25 25 25 15 15 15 155 25 95 25 15 25 105 -9999 -9999 -9999 -9999 -9999 -9999 -9999 -9999 -9999 -9999 -9999 -9999 150 155 -9999 25 25 175 140 25 100 85 -9999 25 -9999 -9999 100 165 -9999 -9999 25 105 25 160 165 160 120 140 130 120 200 220 70
-9999 5 25 10 5 20 15 160 10 160 125 160 160 25 25 25 145 35 15 20 -9999 5 5 160 15 20 145 35 35 25 35 35 35 35 35 -9999 -9999 15 35 100 25 20 15 15 105 180 160 15 20 120 -9999 -9999 -9999 -9999 -9999 -9999 -9999 -9999 -9999 -9999 -9999 -9999 175 25 -9999 25 25 25 155 25 105 90 85 175 -9999 165 25 165 135 145 100 25 155 -9999 105 25 190 200 220 190 200 120 140
