inputlyrs/asc/Age_t0.asc
NCOLS 805 
NROWS 436 
XLLCORNER -826981 
YLLCORNER 118589 
CELLSIZE 2000 
NODATA_value -9999 
[rows 123 to 163 of 436, columns 93 to 185 of 805]
20 5 5 130 10 20 20 5 100 70 220 95 75 35 20 100 85 85 20 5 75 -9999 35 75 65 85 35 100 75 80 -9999 15 140 0 10 20 10 10 140 80 120 130 15 85 0 75 -9999 95 85 -9999 30 110 75 140 15 -9999 15 5 -9999 120 15 5 65 -9999 5 10 5 20 65 15 15 -9999 15 0 0 70 120 20 70 20 -9999 -9999 -9999 -9999 -9999 15 75 -9999 0 -9999 5 15 5
5 5 0 5 -9999 -9999 120 15 0 85 100 85 5 15 100 10 100 85 15 10 190 65 5 65 15 5 75 75 70 5 -9999 -9999 140 0 10 10 110 20 5 10 35 0 85 10 95 5 -9999 90 65 10 15 10 130 5 -9999 75 75 80 65 75 0 10 130 -9999 10 190 20 20 15 5 0 10 15 110 220 75 10 -9999 65 75 -9999 -9999 -9999 -9999 -9999 5 65 5 220 5 20 40 -9999
10 10 -9999 0 -9999 -9999 -9999 90 75 80 15 100 5 90 90 100 5 5 85 95 5 95 85 5 85 95 80 0 15 25 -9999 -9999 140 110 40 10 20 10 20 40 10 35 120 0 85 20 15 110 15 20 10 -9999 20 20 70 5 -9999 70 70 15 65 65 5 120 120 65 75 5 10 65 10 10 130 70 70 65 65 65 65 -9999 0 15 0 -9999 5 110 20 15 15 5 50 -9999 -9999
20 35 -9999 -9999 0 -9999 100 -9999 -9999 100 90 65 95 0 95 90 100 30 10 0 95 10 -9999 15 10 0 0 0 15 5 -9999 -9999 120 10 130 10 -9999 20 10 140 20 110 10 110 20 20 90 90 5 15 -9999 0 70 75 75 -9999 -9999 120 65 120 130 110 70 70 -9999 140 10 -9999 20 80 75 140 65 70 -9999 80 10 65 30 10 0 15 5 -9999 110 10 0 20 15 80 -9999 -9999 15
110 55 10 35 85 70 120 5 85 100 85 95 100 20 140 90 90 90 0 85 40 -9999 -9999 35 95 210 5 20 70 -9999 80 5 0 140 5 5 10 15 -9999 40 30 10 0 5 140 0 140 130 0 20 65 15 65 10 10 0 -9999 -9999 140 10 -9999 10 210 5 80 75 5 -9999 10 0 75 -9999 190 65 80 80 70 65 -9999 15 15 10 15 -9999 -9999 80 0 10 -9999 -9999 50 -9999 60
10 120 10 -9999 -9999 15 85 65 130 20 5 0 5 35 0 95 80 5 95 95 40 -9999 130 210 200 95 5 110 70 10 25 10 5 0 15 10 120 40 30 20 0 0 20 130 90 15 95 15 130 0 5 15 0 50 80 70 15 -9999 15 20 75 5 75 10 5 -9999 0 10 -9999 20 10 -9999 15 75 80 -9999 65 80 0 20 20 -9999 5 120 20 -9999 -9999 -9999 0 5 130 -9999 60
15 75 0 -9999 -9999 80 20 75 25 75 65 80 85 190 15 85 -9999 100 95 100 -9999 140 40 0 95 85 -9999 -9999 15 0 120 140 130 140 0 0 120 120 210 10 0 120 120 0 85 110 0 130 0 15 5 5 15 80 80 75 20 10 -9999 80 5 65 15 -9999 0 5 10 20 220 10 -9999 110 65 20 70 0 20 -9999 0 15 15 10 15 20 15 -9999 80 -9999 70 75 10 75 -9999
20 70 70 -9999 0 5 20 80 40 75 75 90 85 65 15 0 30 10 20 30 -9999 140 15 140 85 -9999 -9999 0 25 120 140 15 10 10 10 0 130 20 25 130 35 25 100 15 20 120 40 15 10 5 5 10 10 20 95 0 20 10 10 65 70 75 20 10 65 15 20 5 75 15 -9999 0 10 15 110 5 -9999 5 0 20 65 15 80 20 75 -9999 -9999 5 75 70 15 120 80
0 20 20 -9999 80 15 65 15 75 120 80 85 65 10 80 25 5 10 0 55 5 140 65 110 -9999 -9999 -9999 15 -9999 25 20 140 5 10 20 0 10 0 85 120 130 120 95 15 0 95 100 20 5 140 20 85 130 110 10 10 15 5 65 -9999 10 10 20 80 0 -9999 15 80 20 65 75 20 5 5 15 0 5 15 15 130 80 15 10 -9999 -9999 -9999 10 -9999 10 75 20 75 -9999
120 -9999 -9999 -9999 20 10 15 80 15 15 70 10 140 20 90 0 65 75 35 -9999 15 70 -9999 -9999 -9999 -9999 -9999 -9999 35 -9999 10 120 65 5 20 10 0 130 10 20 130 90 95 90 90 0 20 15 90 60 15 5 85 20 0 0 10 15 75 70 65 75 120 10 -9999 20 20 15 20 -9999 70 65 10 0 10 10 20 10 -9999 5 10 15 20 65 -9999 -9999 5 0 15 0 -9999 -9999 140
65 80 -9999 -9999 5 40 15 70 75 65 20 15 200 35 110 15 75 65 -9999 100 110 190 -9999 -9999 -9999 20 95 25 20 20 20 20 120 110 20 15 15 120 130 -9999 5 20 20 -9999 -9999 10 120 20 50 55 15 45 110 -9999 0 -9999 140 65 70 10 20 0 15 10 5 5 5 -9999 0 65 -9999 20 10 0 15 0 75 10 20 120 110 55 -9999 70 -9999 210 15 15 -9999 0 5 -9999 15
0 15 -9999 -9999 -9999 30 15 15 30 65 10 75 10 -9999 75 65 100 -9999 15 20 65 -9999 95 90 10 90 90 20 80 5 20 15 15 15 10 0 20 15 5 90 15 15 100 -9999 120 10 10 15 15 45 0 5 -9999 110 10 70 70 80 5 75 5 50 10 10 10 10 20 10 140 0 -9999 10 5 130 -9999 10 20 15 0 10 80 0 -9999 -9999 5 65 0 15 20 15 10 -9999 65
10 85 0 110 70 70 70 0 30 -9999 15 0 10 65 0 85 130 15 140 20 65 -9999 -9999 85 70 190 15 65 75 30 15 15 15 25 5 10 140 130 0 90 110 110 110 0 15 120 110 140 110 -9999 130 15 120 20 120 70 5 70 65 -9999 -9999 75 45 65 20 75 0 5 -9999 20 5 5 5 15 10 10 5 130 20 20 15 -9999 15 80 -9999 10 0 10 220 140 -9999 70 70
200 -9999 10 -9999 10 5 65 10 80 95 0 -9999 20 70 80 140 35 90 10 15 -9999 75 0 65 20 40 25 95 10 15 15 20 15 35 15 140 140 15 140 140 70 110 15 140 15 130 140 10 10 20 15 110 130 110 15 75 60 20 20 -9999 -9999 110 0 20 15 -9999 0 5 70 20 -9999 -9999 10 10 20 10 140 10 10 -9999 -9999 20 -9999 -9999 -9999 -9999 120 15 -9999 -9999 65 5 0
70 10 -9999 70 15 85 65 80 100 15 65 80 70 130 10 10 5 75 15 -9999 -9999 70 70 -9999 -9999 -9999 -9999 15 20 10 20 10 10 5 10 5 5 140 0 0 20 20 140 140 20 140 130 20 5 -9999 130 0 140 15 20 45 5 130 5 0 5 10 130 15 10 15 0 75 -9999 0 20 0 80 -9999 -9999 -9999 10 70 75 -9999 70 -9999 -9999 70 15 0 110 75 210 120 0 120 140
80 -9999 70 10 15 5 75 65 70 100 5 80 5 -9999 10 20 120 15 80 -9999 -9999 -9999 -9999 -9999 10 70 10 0 10 120 110 65 10 0 130 110 120 110 120 5 65 10 10 10 20 70 45 0 5 140 5 130 15 110 110 75 15 15 0 10 15 110 5 10 0 5 20 -9999 0 10 -9999 5 10 5 70 120 70 45 15 20 70 75 -9999 15 0 20 20 65 5 30 80 0 70
-9999 65 -9999 80 70 65 80 65 95 80 190 70 35 210 20 5 75 140 -9999 -9999 85 90 10 95 65 20 5 -9999 -9999 95 85 0 20 15 130 20 15 120 140 15 20 5 120 10 5 70 5 20 65 10 0 0 5 15 20 130 120 10 10 0 0 15 20 10 10 5 15 15 5 -9999 -9999 10 5 140 20 20 5 0 80 0 15 15 70 5 0 80 65 15 75 5 120 10 65
40 30 -9999 80 20 20 15 80 75 65 130 70 10 10 30 35 120 90 100 95 65 120 20 20 15 100 -9999 -9999 10 20 110 5 140 10 5 0 -9999 10 140 120 0 110 15 120 130 70 15 15 0 15 5 130 0 15 15 5 5 5 10 50 50 90 15 0 20 10 -9999 -9999 20 65 10 120 10 70 40 55 25 15 80 10 5 0 10 0 10 80 -9999 70 20 5 5 15 10
140 35 40 110 110 85 5 130 65 5 10 100 200 130 25 30 85 -9999 75 80 10 15 75 15 130 120 -9999 -9999 130 15 90 0 30 10 130 15 130 130 120 10 60 65 140 140 55 10 15 45 10 5 0 0 120 0 20 10 0 15 15 0 0 75 120 20 15 0 20 10 70 15 5 65 75 110 15 10 45 -9999 20 0 -9999 0 10 5 80 15 10 5 75 20 0 80 80
30 35 -9999 75 70 70 15 20 70 0 75 20 15 80 20 95 90 85 5 -9999 120 110 90 5 10 100 5 20 65 140 110 20 10 10 15 100 110 20 120 85 90 10 110 130 45 5 45 15 10 130 140 20 5 -9999 10 0 10 15 5 80 65 0 5 0 5 0 20 5 0 5 15 5 10 140 5 130 60 110 75 70 10 110 0 80 10 -9999 130 15 20 65 75 75 75
35 -9999 120 10 90 5 0 -9999 20 65 0 80 15 70 90 70 15 75 90 5 100 100 75 15 75 15 20 10 5 140 15 110 0 200 100 20 90 0 110 130 15 0 120 110 20 65 140 140 40 -9999 15 15 -9999 15 20 65 20 55 20 70 5 140 20 0 15 95 15 10 10 5 5 10 5 10 140 5 60 60 30 15 20 120 -9999 75 -9999 -9999 5 -9999 80 210 75 80 80
30 -9999 -9999 95 15 130 70 65 0 85 85 20 15 15 100 5 80 5 -9999 20 95 140 140 75 0 0 5 20 -9999 220 120 120 120 0 15 140 120 0 0 15 10 110 130 -9999 -9999 10 60 65 65 10 5 5 0 15 5 70 15 5 10 5 -9999 90 85 0 15 15 -9999 20 20 -9999 20 0 140 -9999 5 -9999 10 20 75 50 20 80 70 75 80 5 75 -9999 10 5 65 80 10
20 -9999 90 65 220 80 80 80 95 95 -9999 15 10 70 85 90 95 15 85 5 10 -9999 10 10 15 0 20 220 20 -9999 120 5 15 110 120 10 20 110 140 20 15 5 130 -9999 -9999 5 80 65 15 0 110 75 50 75 70 0 5 20 0 20 110 10 80 20 20 10 80 110 -9999 15 20 5 0 10 45 0 -9999 0 65 70 70 15 200 75 120 0 140 0 15 75 80 65 10
-9999 90 220 190 80 65 200 -9999 90 95 -9999 85 95 70 95 20 90 0 85 90 15 5 20 0 20 20 45 0 120 -9999 -9999 110 65 5 130 140 130 5 10 5 15 65 80 120 110 15 130 70 15 10 15 15 65 5 75 20 70 65 5 0 10 140 15 10 120 15 15 65 -9999 0 0 10 80 10 10 -9999 80 70 75 75 80 0 220 190 130 110 0 10 15 80 15 20 65
-9999 200 100 75 15 0 70 -9999 -9999 -9999 20 95 15 95 10 30 75 90 80 190 20 35 15 15 10 5 50 10 15 75 -9999 -9999 120 130 130 5 15 140 100 130 75 130 70 75 30 120 140 100 5 15 5 65 80 5 10 70 5 70 5 10 5 5 10 0 0 70 70 70 120 15 0 70 70 120 0 0 0 5 80 140 10 45 130 20 120 -9999 -9999 35 80 110 0 100 5
-9999 10 0 100 100 70 95 -9999 -9999 90 35 85 100 30 35 85 0 20 15 75 25 40 35 5 5 15 20 10 0 -9999 -9999 -9999 -9999 -9999 10 10 140 100 -9999 130 10 20 140 50 110 80 80 15 75 65 20 80 20 80 220 0 0 140 70 0 15 20 10 5 100 190 -9999 95 90 15 90 -9999 140 110 -9999 65 20 110 70 0 75 130 50 10 45 20 110 75 0 100 100 20 5
-9999 -9999 -9999 -9999 -9999 -9999 -9999 -9999 90 90 70 35 90 40 85 30 25 15 25 90 0 25 5 25 130 -9999 -9999 110 -9999 -9999 -9999 -9999 -9999 100 140 15 110 10 0 110 80 5 15 80 20 20 10 45 75 -9999 70 70 60 75 80 10 15 90 190 100 10 10 15 15 95 5 120 15 5 -9999 10 0 110 75 0 120 70 120 110 15 -9999 -9999 60 -9999 55 10 10 85 0 20 5 15 10
-9999 25 40 -9999 40 25 80 25 85 -9999 100 95 35 -9999 25 25 30 40 40 40 40 25 30 35 -9999 15 85 95 25 -9999 -9999 120 15 120 95 15 55 120 50 5 65 -9999 140 5 80 5 80 10 55 10 130 65 5 0 20 100 0 15 10 90 100 20 100 5 85 120 -9999 100 10 -9999 190 -9999 10 5 120 0 20 80 120 65 0 10 5 65 15 65 -9999 110 5 40 10 -9999 210
110 30 25 25 -9999 65 20 65 65 220 190 95 10 220 25 25 -9999 -9999 30 65 30 35 220 25 -9999 15 15 10 -9999 20 85 110 5 140 20 5 140 20 15 10 140 140 100 15 75 20 120 5 15 75 70 65 80 90 15 100 0 110 0 95 20 100 90 85 15 5 -9999 110 45 20 5 120 110 -9999 20 65 110 20 25 40 30 70 70 -9999 75 10 0 5 15 15 45 0 -9999
40 40 35 25 25 20 5 70 65 70 -9999 -9999 130 25 -9999 25 15 -9999 30 25 25 -9999 -9999 -9999 0 120 120 90 20 130 120 110 130 5 120 70 5 5 10 90 10 15 0 85 80 15 20 70 -9999 110 75 10 15 80 70 95 10 120 120 -9999 15 220 10 15 20 15 -9999 -9999 -9999 -9999 -9999 -9999 -9999 -9999 65 140 75 130 40 -9999 0 100 40 10 10 -9999 -9999 -9999 130 0 0 15 10
15 5 40 130 50 40 75 5 100 -9999 -9999 -9999 220 65 40 35 35 15 25 30 -9999 -9999 -9999 -9999 -9999 -9999 220 120 90 85 15 5 130 130 120 5 110 110 20 85 0 20 65 20 0 0 110 0 0 -9999 10 15 75 70 30 70 95 20 80 15 130 110 5 0 140 120 20 110 -9999 -9999 15 120 70 10 80 20 -9999 70 10 20 0 35 -9999 -9999 5 -9999 0 -9999 5 15 140 20 20
35 25 10 20 130 20 65 -9999 -9999 -9999 -9999 -9999 85 -9999 40 15 60 35 35 -9999 -9999 -9999 -9999 -9999 -9999 -9999 20 20 100 95 0 10 15 20 10 140 120 80 10 140 120 20 -9999 120 20 20 5 10 5 65 65 20 75 10 80 100 130 110 130 15 130 110 130 5 15 10 -9999 -9999 -9999 -9999 -9999 20 20 75 0 70 20 110 -9999 -9999 -9999 15 35 75 -9999 80 -9999 -9999 10 0 10 20 130
15 30 50 30 30 40 40 -9999 -9999 -9999 -9999 -9999 40 30 40 35 -9999 210 15 -9999 -9999 -9999 -9999 -9999 -9999 -9999 -9999 120 15 85 90 85 5 0 110 140 75 80 65 140 0 20 5 80 20 100 10 0 -9999 -9999 40 100 70 90 140 10 -9999 -9999 -9999 5 110 20 95 5 5 120 0 75 80 65 70 130 15 65 5 0 10 140 -9999 15 20 5 75 65 80 65 -9999 -9999 110 -9999 -9999 -9999 -9999
60 15 30 40 -9999 30 -9999 55 190 220 40 65 70 -9999 -9999 20 70 40 5 -9999 25 -9999 -9999 -9999 -9999 -9999 -9999 -9999 10 5 25 10 15 110 15 5 10 10 15 5 5 10 75 110 80 10 90 15 100 75 -9999 120 200 95 10 220 65 140 -9999 -9999 110 -9999 0 -9999 -9999 20 -9999 -9999 -9999 10 130 80 65 120 -9999 -9999 140 -9999 120 80 -9999 90 15 5 75 20 0 75 70 120 110 140 -9999
40 10 40 -9999 -9999 -9999 70 15 15 40 80 30 35 40 40 30 40 120 35 0 5 0 -9999 -9999 -9999 -9999 -9999 100 130 20 5 110 45 5 5 5 5 20 20 10 0 10 120 20 140 20 15 5 130 15 95 5 20 10 130 20 95 0 40 130 15 90 -9999 140 10 15 0 20 90 75 10 85 5 -9999 65 130 140 -9999 -9999 120 110 140 65 0 20 15 5 95 100 15 0 -9999 -9999
30 0 25 35 30 -9999 70 65 20 80 65 0 -9999 30 -9999 10 190 90 90 70 120 -9999 -9999 -9999 -9999 -9999 -9999 140 40 130 0 140 10 15 5 20 10 5 0 20 140 35 0 65 140 20 10 10 10 85 100 65 95 140 5 95 220 200 0 0 0 190 0 130 0 0 70 75 0 20 120 65 80 80 -9999 -9999 -9999 -9999 5 10 5 80 0 70 15 15 130 65 75 70 80 65 0
30 35 40 35 25 35 5 0 -9999 15 15 80 80 65 -9999 5 15 80 20 80 80 -9999 -9999 -9999 -9999 -9999 -9999 30 25 10 5 15 120 5 20 20 110 120 15 15 140 120 50 5 75 50 80 0 10 130 15 -9999 75 65 20 190 140 0 10 65 100 100 5 40 15 5 10 75 70 65 0 80 65 80 130 0 10 20 0 -9999 0 220 20 75 -9999 120 35 80 -9999 -9999 220 80 -9999
10 40 30 20 30 20 20 40 10 -9999 10 0 10 80 75 80 10 0 10 10 5 130 -9999 -9999 -9999 -9999 120 40 15 10 15 20 10 20 20 100 20 110 0 20 130 0 20 60 70 65 70 10 10 5 0 95 85 100 140 -9999 130 90 15 5 15 10 20 85 10 100 100 20 80 80 65 -9999 70 5 0 120 140 120 120 65 10 -9999 0 5 10 0 35 50 -9999 -9999 -9999 15 5
40 15 30 30 30 40 15 20 25 80 70 0 70 65 10 110 65 20 20 70 0 20 -9999 -9999 -9999 -9999 -9999 -9999 -9999 -9999 20 90 90 80 5 15 15 140 130 20 0 130 140 130 220 15 10 120 5 90 15 90 15 95 0 130 -9999 0 85 0 15 15 10 95 100 100 95 70 10 75 70 15 70 65 20 10 -9999 -9999 10 60 0 20 120 10 120 25 20 140 70 75 80 75 0
20 5 40 20 5 0 10 -9999 -9999 -9999 5 10 20 10 20 70 0 65 5 10 -9999 -9999 -9999 60 0 0 90 10 5 120 10 20 15 65 75 220 140 120 130 110 50 120 100 15 5 15 140 190 110 100 20 20 65 0 200 -9999 75 120 5 85 0 5 140 10 100 80 70 15 65 70 -9999 65 0 -9999 140 10 5 0 140 10 140 0 -9999 10 25 5 10 20 -9999 70 -9999 120 65
-9999 10 5 30 5 20 50 20 20 15 15 15 110 5 0 0 20 20 110 20 15 -9999 5 100 90 85 20 0 140 5 0 0 5 20 10 210 35 110 -9999 100 120 -9999 110 -9999 -9999 120 -9999 90 -9999 95 0 120 0 140 95 10 25 120 -9999 5 190 10 15 0 140 140 120 0 70 15 75 65 10 75 -9999 210 65 15 50 70 75 20 5 40 15 15 65 210 120 75 70 70 70
