inputlyrs/asc/Age_t0.asc
NCOLS 805 
NROWS 436 
XLLCORNER -826981 
YLLCORNER 118589 
CELLSIZE 2000 
NODATA_value -9999 
[rows 123 to 163 of 436, columns 372 to 464 of 805]
140 190 140 80 75 130 190 210 140 190 190 210 220 190 95 100 5 -9999 90 100 95 85 120 140 220 95 90 85 20 0 10 20 140 40 200 0 140 10 130 140 140 -9999 190 220 200 100 130 100 130 120 130 -9999 130 210 110 130 120 140 120 120 190 80 0 120 5 65 -9999 -9999 65 80 70 -9999 80 -9999 80 20 35 140 110 200 140 120 200 80 75 75 75 70 70 70 80 80 80
210 200 120 0 75 20 5 -9999 -9999 5 110 80 100 0 0 5 15 140 120 20 90 110 130 110 95 -9999 5 90 5 140 140 130 140 -9999 120 130 -9999 120 120 110 120 130 120 85 20 95 20 95 100 210 220 -9999 90 130 130 140 110 130 120 130 210 120 5 190 140 220 -9999 110 200 140 0 20 70 -9999 120 130 120 30 -9999 220 190 120 -9999 65 80 70 70 70 80 80 65 65 0
200 200 20 5 200 -9999 210 140 -9999 220 190 220 190 95 -9999 50 130 65 80 100 0 70 80 220 70 85 85 85 10 100 130 20 130 -9999 45 210 140 85 140 130 100 100 100 85 120 15 15 95 90 90 95 100 100 90 130 95 140 130 120 210 110 120 10 210 130 190 65 -9999 210 140 140 130 110 140 190 210 -9999 -9999 -9999 140 190 210 220 65 65 75 80 75 65 65 80 75 10
220 220 110 70 80 80 210 140 120 65 130 210 210 95 100 -9999 220 65 80 80 65 65 65 65 70 100 85 90 210 120 5 130 140 -9999 35 35 140 95 85 95 85 95 -9999 95 85 90 0 15 100 95 100 85 100 140 95 140 140 120 110 120 220 200 200 220 110 220 -9999 -9999 70 15 110 190 130 190 130 20 220 140 110 110 140 130 130 190 75 5 80 75 75 80 -9999 -9999 70
130 65 110 120 190 220 5 110 190 110 140 210 140 100 0 100 80 65 130 220 15 130 75 70 65 90 110 85 210 110 -9999 140 120 140 30 -9999 130 85 140 -9999 -9999 140 130 85 -9999 220 95 190 -9999 5 90 90 -9999 95 110 140 130 110 140 140 120 200 140 -9999 130 130 140 -9999 5 120 140 120 140 20 120 65 130 210 130 130 210 120 200 210 70 70 200 80 65 65 200 75 5
190 220 120 220 140 200 15 190 75 10 20 120 100 95 90 200 210 85 75 0 210 220 220 80 90 -9999 95 95 100 130 15 120 110 10 130 15 140 110 120 110 85 140 85 95 -9999 90 95 100 140 10 10 120 90 130 90 110 95 110 110 110 20 140 110 130 120 20 140 130 140 110 65 110 20 200 130 210 190 -9999 -9999 140 140 110 140 140 75 80 80 10 70 65 80 80 75
210 210 70 200 130 200 120 210 130 20 220 110 5 15 5 -9999 20 75 75 0 45 140 75 80 210 210 70 85 65 15 10 70 120 5 15 140 110 -9999 140 90 95 90 95 100 -9999 100 95 -9999 95 -9999 15 85 200 120 100 90 90 90 140 5 120 120 140 120 130 20 120 10 110 70 20 -9999 -9999 110 140 130 190 220 110 190 130 130 5 220 15 70 80 75 80 -9999 75 200 70
55 220 70 65 65 210 200 70 10 130 190 120 110 120 0 120 220 95 200 110 75 50 45 15 70 -9999 65 20 5 10 90 0 140 120 10 190 120 -9999 85 90 -9999 100 95 10 -9999 95 120 85 85 120 110 110 -9999 140 140 190 130 -9999 110 130 -9999 140 110 120 100 100 85 95 130 120 -9999 60 -9999 80 220 210 10 110 210 110 190 140 120 220 20 65 140 75 70 80 75 120 140
200 210 80 70 190 190 210 210 0 20 210 130 120 130 140 -9999 20 95 140 -9999 -9999 80 95 80 210 120 90 5 85 70 200 100 0 130 140 110 120 100 120 90 -9999 95 130 10 100 100 90 90 80 90 95 100 210 110 140 210 -9999 110 15 65 140 130 210 220 120 120 85 120 200 210 140 200 15 140 140 120 130 120 25 120 200 220 120 -9999 20 70 65 80 80 5 70 65 140
130 110 110 220 190 190 200 220 140 -9999 140 130 110 190 110 130 -9999 100 85 45 65 75 80 0 65 100 90 85 95 80 15 220 -9999 15 10 10 -9999 100 85 130 10 140 140 95 95 95 85 100 0 95 5 95 -9999 120 110 120 140 200 40 140 140 130 80 140 130 -9999 140 220 140 120 140 140 200 120 210 110 120 120 130 130 130 220 140 210 130 75 210 5 80 65 70 80 20
120 220 220 110 5 120 220 110 15 110 5 110 110 110 120 130 -9999 85 95 85 70 190 80 -9999 80 200 20 20 90 20 15 0 10 110 140 130 -9999 110 140 120 110 120 130 100 140 95 130 190 100 130 120 120 130 140 200 140 130 110 130 120 130 80 80 200 65 95 200 140 140 10 130 110 -9999 120 -9999 140 120 120 200 210 70 10 210 -9999 140 65 75 190 80 75 80 5 20
80 75 140 130 -9999 -9999 220 10 190 15 130 0 110 130 210 110 -9999 15 10 -9999 110 90 65 5 95 100 100 -9999 15 140 10 -9999 110 20 130 140 -9999 140 120 140 120 140 140 120 110 120 20 10 -9999 -9999 -9999 130 110 110 130 140 130 110 140 10 210 220 110 70 75 95 220 120 220 140 130 210 -9999 130 110 110 10 65 15 55 80 120 15 75 70 140 80 75 70 20 10 15 15
200 20 15 220 10 20 10 -9999 190 120 -9999 130 110 140 -9999 -9999 90 210 -9999 65 110 90 85 95 95 140 -9999 140 20 10 15 0 20 190 -9999 140 130 140 110 110 140 130 120 20 15 110 140 -9999 120 140 200 10 120 10 220 120 120 140 130 -9999 -9999 120 130 75 130 -9999 140 120 140 -9999 210 140 130 120 220 -9999 210 110 220 15 65 120 5 55 50 90 80 80 70 80 80 70 20
110 200 20 20 0 190 10 10 10 130 200 190 110 220 -9999 -9999 190 -9999 65 90 120 120 85 130 190 15 20 10 20 120 -9999 10 15 120 210 140 110 110 120 110 140 130 120 140 140 110 110 20 140 -9999 130 140 110 130 110 110 130 130 110 110 140 220 -9999 110 90 130 140 140 220 190 200 210 110 220 130 0 120 -9999 140 45 55 10 50 200 45 140 190 80 70 80 20 95 15
200 220 15 0 15 5 110 130 110 130 10 200 140 -9999 190 -9999 -9999 85 100 100 80 110 120 130 20 10 15 10 20 15 15 20 140 110 140 130 120 120 110 140 110 140 110 55 140 200 220 140 130 120 140 130 110 120 140 130 110 130 130 140 140 120 210 5 -9999 190 190 140 20 120 120 210 120 110 120 190 110 130 110 45 15 35 220 210 140 110 10 80 75 75 -9999 70 70
140 15 65 70 130 5 130 140 70 120 140 220 130 110 140 -9999 70 -9999 95 70 120 110 15 10 15 5 210 15 0 140 130 110 20 120 110 25 -9999 130 110 130 120 130 120 10 0 140 120 120 140 120 120 110 140 5 110 120 140 120 10 140 200 110 65 120 5 210 190 110 140 120 200 65 130 10 110 130 130 -9999 110 20 25 130 120 140 110 15 5 70 70 65 65 65 80
130 130 0 110 200 15 110 5 200 120 70 75 140 -9999 -9999 120 90 70 90 80 210 20 10 0 5 -9999 5 -9999 20 0 0 -9999 140 130 35 25 40 -9999 -9999 140 15 -9999 130 110 130 130 190 65 -9999 70 65 140 10 140 130 130 140 130 130 110 110 130 220 -9999 120 65 20 120 130 190 130 200 130 15 15 210 220 220 110 25 50 130 140 120 220 120 140 210 -9999 75 -9999 0 210
200 0 210 120 110 120 5 210 220 5 80 75 75 -9999 -9999 110 75 190 100 20 0 50 80 10 10 5 190 130 15 5 110 15 140 130 35 30 25 40 -9999 65 140 200 0 130 -9999 120 120 -9999 130 -9999 190 210 120 110 120 110 120 120 120 210 0 130 120 90 120 130 120 210 190 190 220 200 5 200 10 120 140 35 60 110 60 55 190 -9999 -9999 120 140 5 -9999 0 20 120 200
210 220 5 15 10 5 130 10 0 140 20 210 110 -9999 -9999 130 100 65 95 75 85 80 10 90 220 130 -9999 -9999 85 -9999 -9999 200 140 110 0 -9999 30 35 -9999 -9999 120 110 15 120 130 110 140 -9999 120 -9999 5 20 0 10 140 140 -9999 130 220 110 -9999 120 95 20 100 140 130 120 120 130 120 25 220 110 110 120 20 140 130 50 55 220 15 20 140 210 200 0 -9999 110 210 10 110
-9999 15 -9999 10 0 130 210 220 20 110 0 220 200 140 -9999 140 120 120 90 130 130 190 140 0 5 5 -9999 20 70 5 -9999 -9999 0 5 30 40 30 10 35 -9999 -9999 10 140 130 15 110 -9999 120 120 210 20 -9999 140 140 130 140 120 5 130 -9999 120 200 110 -9999 20 200 190 220 120 220 120 75 220 120 200 220 220 200 190 190 55 190 15 10 190 15 5 190 15 20 110 5 15
5 15 15 0 15 15 120 -9999 140 140 210 200 210 130 -9999 220 -9999 85 130 120 95 110 200 140 130 -9999 120 200 110 15 -9999 110 190 25 40 25 35 25 35 35 -9999 10 0 10 0 120 140 220 10 130 20 0 120 140 140 -9999 110 20 110 110 200 190 210 -9999 210 190 190 190 210 110 220 190 10 220 200 130 40 50 45 80 65 220 200 200 220 0 10 210 190 140 0 15 0
130 10 20 20 10 10 110 200 200 0 220 200 140 20 -9999 -9999 90 35 130 80 210 110 120 -9999 140 15 0 10 20 15 200 140 190 0 40 25 15 35 140 130 -9999 140 -9999 140 130 140 15 15 20 140 -9999 -9999 120 130 120 130 140 15 120 -9999 110 190 210 -9999 130 210 5 220 130 -9999 210 120 140 190 190 -9999 140 35 55 15 45 15 220 10 210 0 15 5 220 5 110 10 190
220 20 5 5 -9999 220 10 10 190 190 190 10 210 200 -9999 -9999 130 0 130 220 110 220 35 220 110 200 10 120 110 210 110 110 190 190 140 35 40 40 30 -9999 -9999 10 110 190 0 15 -9999 15 0 15 15 120 140 140 140 130 30 5 15 -9999 10 10 20 -9999 190 20 190 120 10 5 15 210 15 200 110 10 -9999 55 60 10 120 5 5 10 70 65 110 130 -9999 110 190 20 120
15 5 -9999 220 210 0 75 75 210 20 65 210 130 75 -9999 5 110 130 10 10 110 95 110 220 120 200 190 5 10 0 140 210 120 190 30 35 25 25 15 30 -9999 130 140 0 10 5 120 130 120 0 -9999 0 0 140 200 140 5 130 30 120 200 15 200 -9999 130 110 220 190 200 -9999 210 20 10 -9999 210 200 190 190 15 190 55 10 20 210 75 55 65 120 -9999 130 110 5 200
0 20 0 10 0 0 70 65 75 140 75 80 -9999 -9999 -9999 140 90 -9999 5 130 120 120 5 110 210 20 130 130 20 190 190 130 120 210 0 30 20 25 30 100 120 5 0 -9999 5 5 110 110 10 130 110 5 15 110 110 15 110 20 35 5 210 25 200 -9999 220 15 220 85 -9999 130 130 220 140 0 130 210 20 210 10 0 65 0 80 -9999 210 190 65 50 120 -9999 0 5 140
10 10 140 -9999 5 0 -9999 75 0 80 80 -9999 -9999 -9999 -9999 -9999 90 15 15 95 15 -9999 100 0 0 -9999 220 190 190 130 -9999 120 110 220 85 90 15 40 35 120 -9999 25 0 130 -9999 -9999 -9999 130 15 -9999 0 10 110 5 110 120 10 0 5 25 85 40 110 -9999 10 95 90 10 85 100 200 210 0 130 120 210 110 120 -9999 10 200 210 0 10 60 0 140 85 190 -9999 80 120 120
220 15 15 10 130 140 0 210 0 80 -9999 -9999 -9999 -9999 -9999 -9999 -9999 5 100 5 -9999 -9999 70 65 140 15 0 0 120 130 140 200 15 130 110 100 40 130 -9999 -9999 200 20 20 0 -9999 20 15 20 220 -9999 120 -9999 130 70 130 190 140 200 5 20 30 20 130 130 -9999 95 95 220 90 130 190 10 120 15 120 20 15 130 0 10 20 210 10 220 5 10 190 75 20 -9999 15 80 20
-9999 0 110 190 -9999 15 15 20 130 5 -9999 -9999 -9999 -9999 -9999 -9999 -9999 10 0 20 -9999 210 35 100 35 20 90 -9999 120 15 -9999 220 20 190 140 40 40 25 -9999 210 0 140 220 210 10 15 110 10 200 20 -9999 0 0 220 220 120 110 15 0 130 25 130 40 0 -9999 95 85 90 110 120 220 190 210 20 5 15 15 110 110 200 120 220 80 20 10 65 5 190 65 -9999 200 15 5
75 0 15 140 140 0 10 0 -9999 20 210 -9999 -9999 65 -9999 -9999 -9999 200 10 120 -9999 -9999 140 -9999 20 25 100 140 210 130 -9999 70 130 15 15 220 30 -9999 -9999 15 15 5 20 140 -9999 200 0 200 5 200 0 15 15 140 140 140 120 -9999 5 25 -9999 -9999 30 120 -9999 140 130 95 140 130 200 220 5 15 210 5 190 200 110 220 130 140 80 50 220 65 220 20 10 70 45 10 210
130 20 20 10 20 20 5 10 190 120 -9999 5 20 5 65 -9999 -9999 -9999 90 220 200 -9999 200 -9999 25 95 90 85 130 190 -9999 90 90 85 0 -9999 25 -9999 210 10 5 130 10 15 200 -9999 20 120 130 15 15 20 5 140 -9999 120 130 15 35 35 20 35 -9999 -9999 -9999 -9999 130 140 120 20 210 190 -9999 20 200 95 210 190 0 5 220 -9999 200 210 210 70 65 20 200 10 210 65 10
80 15 0 0 -9999 15 5 5 120 0 -9999 20 0 5 5 -9999 -9999 -9999 -9999 -9999 -9999 -9999 -9999 -9999 110 95 100 95 90 200 20 100 85 10 70 -9999 -9999 -9999 100 -9999 -9999 15 5 0 -9999 120 210 190 120 90 120 130 -9999 140 5 -9999 70 75 140 30 110 10 -9999 -9999 -9999 120 110 130 140 200 10 5 210 200 110 210 10 10 15 10 20 220 110 130 110 70 190 65 15 75 210 70 80
190 140 5 5 10 20 110 140 10 0 10 20 0 65 10 -9999 -9999 -9999 -9999 -9999 -9999 -9999 -9999 -9999 15 90 100 -9999 210 65 95 0 0 20 0 -9999 -9999 220 0 0 5 10 130 -9999 130 140 120 10 120 130 120 130 130 130 10 -9999 -9999 75 20 30 35 40 -9999 -9999 -9999 -9999 20 -9999 140 210 190 120 120 110 20 190 200 15 -9999 210 15 110 10 220 0 10 70 190 5 55 -9999 -9999 220
70 10 15 -9999 210 5 15 20 -9999 10 70 15 15 5 5 10 10 -9999 -9999 -9999 -9999 -9999 -9999 -9999 20 20 100 220 95 90 90 70 15 20 200 -9999 -9999 0 90 -9999 10 190 -9999 -9999 110 5 15 20 120 210 220 130 110 0 75 65 70 30 35 30 25 -9999 120 190 -9999 140 120 120 130 110 5 200 210 15 130 200 10 210 15 70 190 0 220 40 70 30 65 110 60 90 40 0 -9999
20 0 20 10 15 15 20 10 10 0 0 -9999 5 10 5 5 10 20 80 -9999 -9999 -9999 -9999 -9999 90 120 100 95 90 95 100 -9999 0 20 110 -9999 -9999 210 210 220 200 20 -9999 0 20 0 20 140 140 110 140 200 0 65 130 75 35 35 40 40 75 55 220 30 120 -9999 80 130 190 210 220 -9999 15 10 190 0 5 110 190 190 40 20 140 -9999 75 80 10 5 70 80 -9999 60 50
15 10 -9999 0 15 20 -9999 120 0 10 140 10 20 20 110 200 190 20 10 -9999 -9999 -9999 -9999 -9999 -9999 85 95 85 100 5 -9999 0 5 0 -9999 -9999 -9999 140 220 15 -9999 -9999 15 140 15 5 5 140 200 190 120 140 80 0 80 30 40 35 35 35 40 25 40 -9999 15 -9999 -9999 110 10 120 190 10 10 220 190 5 190 190 15 190 220 130 140 40 25 140 220 0 0 210 210 60 50
5 120 15 5 0 -9999 -9999 15 -9999 10 200 20 10 140 110 15 15 -9999 15 -9999 -9999 -9999 -9999 -9999 95 190 120 -9999 210 75 100 95 190 100 -9999 -9999 -9999 200 130 110 -9999 5 90 120 15 130 20 220 20 120 200 75 -9999 80 0 140 40 40 25 25 220 35 25 35 190 35 -9999 20 120 210 220 210 190 220 15 200 200 140 20 210 15 0 5 140 35 10 0 -9999 120 -9999 110 200 45
20 10 20 5 0 -9999 10 20 20 5 5 0 10 5 15 20 10 -9999 20 -9999 -9999 -9999 -9999 -9999 95 -9999 210 220 -9999 -9999 15 85 15 15 -9999 -9999 -9999 130 110 140 -9999 200 200 20 -9999 10 -9999 110 20 5 20 110 -9999 15 25 30 35 30 -9999 25 35 35 40 40 15 40 210 -9999 110 190 35 220 220 210 200 5 220 220 140 220 200 20 140 20 35 200 110 15 20 -9999 10 65 30
10 15 110 5 20 5 20 5 20 15 0 10 110 140 10 5 120 5 220 0 -9999 -9999 -9999 -9999 100 95 -9999 -9999 -9999 10 100 -9999 95 0 -9999 -9999 -9999 130 110 10 190 0 5 110 5 110 20 220 120 220 140 100 -9999 15 25 25 25 35 -9999 35 35 40 15 -9999 40 0 25 40 -9999 190 220 190 20 220 20 190 200 140 200 220 0 130 15 25 15 30 10 140 60 50 70 40 30
20 10 15 0 0 -9999 5 5 15 130 5 110 15 5 5 5 10 60 -9999 5 -9999 -9999 -9999 -9999 220 140 -9999 -9999 5 15 20 -9999 190 15 -9999 -9999 -9999 190 210 -9999 10 0 5 10 110 100 10 120 35 30 20 190 25 40 40 25 75 25 120 130 40 0 10 5 40 35 30 30 40 -9999 210 200 210 210 10 5 20 20 220 25 0 0 5 140 220 40 15 200 0 50 90 20 140
95 -9999 15 15 20 120 20 0 130 210 20 50 110 140 50 20 5 55 55 120 -9999 -9999 -9999 50 60 50 0 -9999 15 15 20 220 0 10 100 -9999 -9999 20 190 20 200 190 20 10 15 0 20 15 0 35 40 30 140 100 25 -9999 210 35 25 25 30 20 40 15 20 35 10 40 200 40 190 210 190 220 20 -9999 -9999 200 210 210 40 5 25 40 35 -9999 15 220 90 65 20 10 130
85 100 -9999 0 100 15 20 20 130 5 20 210 20 10 50 55 45 60 -9999 110 50 -9999 -9999 -9999 200 20 -9999 20 5 0 15 5 190 -9999 220 -9999 120 15 -9999 10 5 220 90 5 5 -9999 -9999 0 20 -9999 35 35 140 70 110 30 10 0 40 30 -9999 60 45 50 210 30 200 210 25 30 140 190 10 190 -9999 20 200 190 220 200 200 80 35 30 130 15 220 35 40 20 110 0 190
