inputlyrs/asc/Age_t0.asc
NCOLS 805 
NROWS 436 
XLLCORNER -826981 
YLLCORNER 118589 
CELLSIZE 2000 
NODATA_value -9999 
[rows 369 to 409 of 436, columns 93 to 185 of 805]
75 85 90 75 80 200 120 210 210 200 220 75 10 65 80 -9999 0 190 190 15 200 80 50 85 55 80 210 10 -9999 25 75 70 75 -9999 15 10 75 210 95 200 -9999 -9999 220 220 210 10 50 220 65 200 200 190 70 140 210 210 75 130 110 35 190 200 85 -9999 190 65 220 75 10 70 10 70 40 40 190 70 65 80 210 100 -9999 220 0 35 -9999 70 10 210 220 210 -9999 -9999 200
200 200 70 190 65 65 -9999 220 65 -9999 200 70 60 65 65 20 70 70 220 65 15 65 80 20 -9999 80 70 10 75 65 45 210 220 -9999 80 75 80 80 -9999 -9999 -9999 75 190 200 50 190 -9999 75 75 45 70 65 10 190 190 -9999 120 190 20 65 220 190 190 25 70 95 10 -9999 200 190 -9999 75 70 130 70 210 70 190 80 95 25 75 15 0 200 20 80 60 75 210 190 200 200
-9999 20 -9999 95 -9999 65 -9999 -9999 65 190 200 70 -9999 70 70 50 75 15 220 15 75 80 75 65 65 -9999 15 30 40 70 80 5 -9999 0 75 70 65 70 -9999 -9999 -9999 200 80 -9999 -9999 75 210 50 80 220 190 190 5 200 200 30 65 -9999 190 220 200 220 80 200 100 75 50 75 80 220 100 20 15 70 70 45 70 75 10 0 190 190 40 190 10 190 25 210 200 -9999 75 75 70
65 75 210 35 -9999 -9999 40 210 -9999 15 200 200 50 80 75 80 220 70 40 65 65 65 5 55 15 75 10 -9999 75 190 75 60 -9999 190 15 75 75 190 210 -9999 -9999 75 80 -9999 75 65 75 70 65 65 70 220 5 190 220 220 200 65 -9999 75 200 190 65 95 120 -9999 5 80 220 200 45 100 -9999 80 75 80 210 75 5 70 75 20 65 -9999 70 70 210 190 190 35 -9999 60 -9999
65 -9999 -9999 25 65 220 -9999 220 75 70 80 200 200 70 -9999 70 220 200 -9999 210 65 75 75 70 10 75 60 0 0 75 5 65 70 65 5 200 220 10 80 200 -9999 80 70 70 -9999 75 80 210 210 190 70 25 220 210 130 85 35 90 75 65 200 190 190 0 70 -9999 -9999 70 220 140 75 130 -9999 5 70 80 75 -9999 200 190 5 75 200 25 210 200 65 200 220 80 40 200 190
-9999 -9999 60 100 90 45 80 80 15 70 70 220 80 -9999 70 70 65 210 65 -9999 90 5 50 75 220 75 65 80 20 30 -9999 65 5 210 80 210 -9999 190 210 80 65 -9999 -9999 210 35 -9999 65 220 190 75 220 210 220 200 80 -9999 200 200 65 40 35 200 -9999 200 200 -9999 220 220 70 65 55 75 45 65 65 190 220 5 190 70 50 10 55 -9999 40 70 210 200 200 80 220 210 210
65 -9999 40 40 25 75 80 80 20 65 70 70 60 75 75 0 -9999 200 75 80 50 75 75 80 220 50 200 40 -9999 80 65 -9999 -9999 75 75 70 65 80 190 75 65 210 190 65 -9999 75 65 220 70 220 220 70 190 -9999 220 220 65 75 210 220 55 70 220 190 70 -9999 -9999 65 45 65 190 50 25 70 55 80 20 35 200 220 75 200 20 0 55 20 65 75 200 -9999 200 75 65
20 65 0 65 -9999 -9999 80 30 70 60 70 70 20 -9999 95 80 70 70 200 10 75 -9999 -9999 90 -9999 75 70 40 15 0 75 190 70 -9999 -9999 220 65 80 -9999 80 0 80 80 70 -9999 60 75 200 45 220 200 -9999 50 10 210 200 -9999 40 200 200 220 210 65 45 65 -9999 70 50 80 75 80 30 50 40 50 70 45 60 65 65 50 200 50 15 5 5 75 200 220 200 220 75 60
75 -9999 25 -9999 -9999 -9999 80 210 70 45 45 70 40 35 70 20 75 60 100 70 210 75 70 70 80 70 25 220 15 0 10 20 50 80 70 190 80 80 75 70 220 200 -9999 200 210 -9999 -9999 75 190 210 210 -9999 190 190 220 80 65 -9999 200 190 190 -9999 10 80 55 -9999 45 55 65 70 60 75 65 30 55 75 5 200 65 -9999 220 55 190 210 45 55 70 80 70 -9999 20 80 210
65 20 -9999 -9999 0 -9999 -9999 75 65 75 80 75 50 -9999 80 80 210 75 0 -9999 190 70 -9999 220 80 65 0 70 190 75 50 15 -9999 70 80 80 70 220 70 80 65 -9999 80 75 -9999 210 190 50 75 -9999 190 210 210 220 220 210 220 210 200 65 95 75 210 -9999 -9999 30 40 5 65 75 -9999 -9999 80 70 40 5 15 65 70 200 -9999 30 200 60 70 75 60 30 65 80 30 30 75
5 0 -9999 5 -9999 -9999 -9999 65 65 80 40 65 50 65 -9999 190 25 75 220 210 70 80 190 -9999 70 200 70 10 65 15 60 10 -9999 210 200 -9999 15 190 80 -9999 20 -9999 70 -9999 80 80 70 -9999 70 70 -9999 220 -9999 45 220 200 200 70 -9999 -9999 65 220 60 45 80 85 80 80 220 70 70 75 65 5 60 70 70 15 55 210 75 80 50 80 45 50 65 220 75 70 190 200 200
-9999 70 65 -9999 -9999 -9999 65 -9999 75 190 20 45 75 190 15 55 200 0 210 220 70 220 -9999 -9999 -9999 15 45 10 80 0 75 -9999 -9999 70 210 200 70 65 70 70 15 75 70 70 45 75 65 -9999 -9999 -9999 65 75 200 65 200 210 70 75 220 -9999 -9999 40 50 75 65 40 10 10 75 75 65 15 10 -9999 5 220 75 70 80 75 75 210 210 190 75 60 65 220 -9999 70 85 190 25
-9999 -9999 -9999 -9999 -9999 70 -9999 -9999 20 210 65 10 75 80 190 200 20 80 -9999 -9999 210 200 210 200 200 220 10 70 65 210 80 -9999 75 210 75 80 -9999 0 -9999 210 -9999 -9999 80 80 10 70 80 -9999 -9999 65 200 190 65 190 75 190 80 80 -9999 -9999 210 30 75 10 65 70 20 20 70 0 5 0 220 85 35 80 190 190 70 70 65 200 80 220 -9999 20 65 0 -9999 80 80 75 75
-9999 -9999 -9999 -9999 5 -9999 -9999 80 80 -9999 15 75 -9999 65 -9999 65 15 200 75 70 210 220 80 65 65 220 80 80 50 -9999 -9999 -9999 80 65 75 -9999 210 80 75 80 75 70 -9999 40 70 80 65 -9999 15 75 80 65 200 210 200 220 75 70 200 190 70 10 -9999 85 0 5 0 20 65 70 0 25 75 -9999 95 210 220 190 65 75 80 220 200 75 220 70 70 75 70 80 20 -9999 75
-9999 -9999 35 80 70 190 65 70 60 75 -9999 35 80 10 75 80 20 190 25 65 15 80 45 65 70 200 190 220 -9999 70 80 65 -9999 0 80 20 80 200 80 45 65 70 70 220 80 -9999 25 65 75 70 210 80 220 75 -9999 75 75 70 70 190 200 40 45 220 -9999 50 30 40 65 0 15 80 80 100 45 -9999 -9999 -9999 65 65 80 75 65 210 200 -9999 -9999 220 220 60 40 80 -9999
-9999 65 -9999 190 200 190 65 -9999 65 65 80 -9999 210 220 15 75 70 -9999 220 25 -9999 80 70 70 75 80 80 200 65 210 75 80 -9999 50 80 -9999 75 -9999 80 70 70 70 65 80 190 40 70 -9999 -9999 80 -9999 65 80 80 70 65 80 80 -9999 -9999 200 220 70 15 65 -9999 65 80 20 40 220 80 30 130 -9999 210 -9999 -9999 -9999 65 80 15 95 50 200 200 220 190 65 -9999 200 210 190
-9999 -9999 80 75 -9999 -9999 70 -9999 30 45 200 -9999 75 65 70 75 15 10 20 65 5 75 80 30 15 5 70 70 0 -9999 5 75 -9999 20 5 80 -9999 190 -9999 210 65 80 -9999 -9999 75 80 65 65 80 70 200 65 45 75 5 80 70 -9999 65 70 5 40 200 60 60 190 -9999 75 75 190 220 80 75 70 200 200 65 210 -9999 190 70 70 5 45 80 70 190 75 65 65 80 -9999 5
-9999 -9999 -9999 -9999 -9999 -9999 70 -9999 70 35 -9999 65 75 70 -9999 80 0 220 65 100 -9999 70 70 70 75 70 20 65 65 -9999 0 15 10 -9999 -9999 190 5 0 65 -9999 -9999 -9999 65 75 80 75 -9999 80 -9999 80 75 80 65 -9999 190 -9999 210 210 220 -9999 75 -9999 80 200 5 10 70 20 5 80 190 200 30 210 70 200 190 200 -9999 200 40 65 80 80 80 220 210 70 80 220 80 220 95
-9999 -9999 65 70 70 -9999 -9999 -9999 -9999 65 -9999 75 0 35 -9999 -9999 70 15 190 80 70 -9999 190 75 30 70 10 10 -9999 65 70 -9999 75 -9999 65 200 80 75 75 80 75 70 -9999 75 80 80 65 60 -9999 75 75 80 65 75 80 200 -9999 220 30 80 45 210 65 220 65 -9999 -9999 -9999 75 65 220 65 40 190 200 75 70 65 70 0 80 70 70 20 25 210 -9999 -9999 35 50 -9999 75 190
-9999 -9999 -9999 80 80 -9999 -9999 -9999 -9999 -9999 -9999 80 65 75 -9999 50 -9999 70 190 75 200 -9999 75 220 20 45 -9999 80 75 45 75 190 75 50 65 190 80 65 75 70 65 -9999 80 -9999 65 -9999 65 75 30 75 60 65 70 75 -9999 70 80 75 -9999 -9999 30 70 220 -9999 220 -9999 -9999 65 40 220 65 65 85 60 210 200 75 220 80 20 65 65 65 70 190 80 80 200 55 30 30 80 70
-9999 -9999 220 -9999 80 -9999 -9999 -9999 -9999 -9999 -9999 -9999 70 20 -9999 70 -9999 -9999 80 190 220 70 190 80 65 70 65 80 80 75 80 65 65 70 -9999 75 75 60 80 70 80 -9999 -9999 210 75 75 -9999 220 200 -9999 80 35 75 65 75 5 75 -9999 65 5 40 75 70 25 70 -9999 -9999 60 -9999 75 210 75 190 190 190 210 200 75 140 220 65 200 75 10 70 190 70 190 80 45 35 70 25
-9999 -9999 -9999 80 30 55 -9999 -9999 -9999 65 0 -9999 65 80 80 80 20 -9999 80 80 65 210 75 190 65 -9999 -9999 75 220 70 65 75 65 0 75 65 -9999 80 70 70 20 -9999 -9999 70 200 80 70 65 190 -9999 80 10 5 25 -9999 65 -9999 -9999 200 220 20 75 55 80 -9999 -9999 -9999 -9999 -9999 65 -9999 30 210 220 210 210 190 -9999 75 200 35 190 65 65 75 65 200 65 65 200 15 200 60
-9999 -9999 -9999 -9999 75 -9999 80 -9999 210 45 50 60 -9999 200 75 -9999 80 70 65 -9999 -9999 -9999 80 80 80 210 65 75 220 70 75 5 190 65 75 70 220 200 220 75 75 70 65 -9999 70 80 65 45 80 -9999 70 220 -9999 65 -9999 25 70 -9999 -9999 -9999 70 220 70 25 80 70 70 40 200 -9999 220 10 70 40 15 70 80 65 210 80 95 200 70 65 220 15 80 80 210 -9999 190 25 75
-9999 -9999 -9999 -9999 -9999 -9999 -9999 200 220 -9999 -9999 -9999 -9999 -9999 -9999 65 -9999 -9999 -9999 210 80 80 70 75 -9999 220 65 70 75 -9999 -9999 75 65 -9999 75 75 -9999 5 80 70 -9999 75 -9999 20 75 -9999 75 190 80 210 75 70 10 65 40 70 80 -9999 -9999 75 50 -9999 75 45 -9999 -9999 80 30 -9999 -9999 -9999 -9999 -9999 -9999 -9999 -9999 55 65 75 220 80 200 220 200 85 70 -9999 80 200 70 -9999 -9999 0
-9999 -9999 -9999 -9999 -9999 -9999 -9999 -9999 -9999 -9999 75 -9999 -9999 0 -9999 65 -9999 80 15 20 75 -9999 -9999 -9999 65 -9999 -9999 25 70 65 -9999 75 30 190 65 220 -9999 75 70 70 25 65 -9999 75 0 35 75 0 -9999 -9999 -9999 70 0 -9999 -9999 70 45 -9999 -9999 -9999 -9999 220 -9999 -9999 -9999 70 -9999 -9999 -9999 -9999 -9999 -9999 -9999 -9999 -9999 -9999 -9999 -9999 -9999 80 -9999 -9999 -9999 0 65 -9999 70 0 -9999 -9999 80 80 -9999
-9999 -9999 -9999 -9999 -9999 -9999 -9999 -9999 -9999 -9999 -9999 -9999 70 -9999 -9999 80 -9999 -9999 15 -9999 -9999 -9999 -9999 -9999 -9999 -9999 -9999 -9999 80 75 80 70 75 90 65 80 70 75 75 -9999 10 70 75 70 70 -9999 75 -9999 -9999 -9999 45 60 -9999 -9999 45 -9999 40 -9999 -9999 -9999 -9999 -9999 -9999 20 -9999 -9999 -9999 -9999 -9999 -9999 -9999 -9999 -9999 -9999 -9999 -9999 -9999 -9999 -9999 -9999 -9999 -9999 -9999 -9999 0 -9999 -9999 65 -9999 -9999 -9999 70 10
-9999 -9999 -9999 -9999 -9999 -9999 -9999 -9999 -9999 -9999 -9999 -9999 -9999 80 -9999 5 80 70 -9999 -9999 -9999 -9999 -9999 -9999 -9999 -9999 -9999 -9999 -9999 -9999 75 -9999 65 30 70 80 200 75 120 220 75 -9999 80 20 -9999 25 -9999 65 -9999 50 -9999 -9999 -9999 -9999 -9999 -9999 -9999 -9999 -9999 -9999 -9999 -9999 -9999 -9999 -9999 -9999 -9999 -9999 -9999 -9999 -9999 -9999 -9999 -9999 -9999 -9999 -9999 -9999 -9999 -9999 -9999 -9999 -9999 -9999 75 80 80 60 -9999 70 -9999 -9999 -9999
-9999 -9999 -9999 -9999 -9999 -9999 -9999 -9999 -9999 -9999 -9999 -9999 -9999 -9999 65 80 -9999 -9999 -9999 -9999 -9999 -9999 -9999 -9999 -9999 -9999 -9999 15 5 25 10 80 80 5 5 -9999 -9999 35 -9999 95 -9999 65 -9999 -9999 -9999 -9999 80 25 -9999 -9999 -9999 65 -9999 -9999 -9999 -9999 -9999 -9999 -9999 -9999 -9999 -9999 -9999 -9999 -9999 -9999 -9999 -9999 -9999 -9999 -9999 -9999 -9999 -9999 -9999 -9999 -9999 -9999 -9999 -9999 -9999 -9999 -9999 -9999 -9999 -9999 -9999 45 60 50 -9999 75 -9999
-9999 -9999 -9999 -9999 -9999 -9999 -9999 -9999 -9999 -9999 -9999 -9999 -9999 -9999 -9999 -9999 -9999 -9999 -9999 -9999 -9999 -9999 -9999 -9999 -9999 -9999 -9999 -9999 -9999 15 30 80 70 190 80 190 200 -9999 15 -9999 -9999 -9999 65 0 70 -9999 10 20 -9999 -9999 -9999 -9999 -9999 -9999 -9999 -9999 -9999 -9999 -9999 -9999 -9999 -9999 -9999 -9999 -9999 -9999 -9999 -9999 -9999 -9999 -9999 -9999 -9999 -9999 -9999 -9999 -9999 -9999 -9999 -9999 -9999 -9999 -9999 -9999 -9999 -9999 -9999 -9999 -9999 5 100 80 -9999
-9999 -9999 -9999 -9999 -9999 -9999 -9999 -9999 -9999 -9999 -9999 -9999 -9999 -9999 -9999 -9999 -9999 -9999 -9999 -9999 -9999 -9999 -9999 -9999 -9999 -9999 -9999 -9999 -9999 -9999 80 -9999 -9999 190 65 65 70 -9999 -9999 -9999 -9999 -9999 80 -9999 15 -9999 -9999 -9999 -9999 -9999 -9999 -9999 -9999 -9999 -9999 -9999 -9999 -9999 -9999 -9999 -9999 -9999 -9999 -9999 -9999 -9999 -9999 -9999 -9999 -9999 -9999 -9999 -9999 -9999 -9999 -9999 -9999 -9999 -9999 -9999 -9999 -9999 -9999 -9999 -9999 -9999 -9999 -9999 -9999 -9999 -9999 -9999 65
-9999 -9999 -9999 -9999 -9999 -9999 -9999 -9999 -9999 -9999 -9999 -9999 -9999 -9999 -9999 -9999 -9999 -9999 -9999 -9999 -9999 -9999 -9999 -9999 -9999 -9999 -9999 -9999 -9999 -9999 -9999 75 65 20 -9999 80 -9999 -9999 -9999 -9999 -9999 -9999 -9999 -9999 -9999 -9999 -9999 -9999 -9999 -9999 -9999 -9999 -9999 -9999 -9999 -9999 -9999 -9999 -9999 -9999 -9999 -9999 -9999 -9999 -9999 -9999 -9999 -9999 -9999 -9999 -9999 -9999 -9999 -9999 -9999 -9999 -9999 -9999 -9999 -9999 -9999 -9999 -9999 -9999 -9999 -9999 -9999 -9999 -9999 -9999 -9999 -9999 -9999
-9999 -9999 -9999 -9999 -9999 -9999 -9999 -9999 -9999 -9999 -9999 -9999 -9999 -9999 -9999 -9999 -9999 -9999 -9999 -9999 -9999 -9999 -9999 -9999 -9999 -9999 -9999 -9999 -9999 -9999 80 65 75 0 -9999 -9999 45 -9999 -9999 -9999 -9999 -9999 -9999 -9999 -9999 -9999 -9999 -9999 -9999 -9999 -9999 -9999 -9999 -9999 -9999 -9999 -9999 -9999 -9999 -9999 -9999 -9999 -9999 -9999 -9999 -9999 -9999 -9999 -9999 -9999 -9999 -9999 -9999 -9999 -9999 -9999 -9999 -9999 -9999 -9999 -9999 -9999 -9999 -9999 -9999 -9999 -9999 -9999 -9999 -9999 10 60 -9999
-9999 -9999 -9999 -9999 -9999 -9999 -9999 -9999 -9999 -9999 -9999 -9999 -9999 -9999 -9999 -9999 -9999 -9999 -9999 -9999 -9999 -9999 -9999 -9999 -9999 -9999 -9999 -9999 -9999 -9999 -9999 25 70 20 10 200 -9999 -9999 -9999 -9999 -9999 -9999 -9999 -9999 -9999 -9999 -9999 -9999 -9999 -9999 -9999 -9999 -9999 -9999 -9999 -9999 -9999 -9999 -9999 -9999 -9999 -9999 -9999 -9999 -9999 -9999 -9999 -9999 -9999 -9999 -9999 -9999 -9999 -9999 -9999 -9999 -9999 -9999 -9999 -9999 -9999 -9999 -9999 -9999 -9999 -9999 -9999 -9999 -9999 -9999 -9999 -9999 -9999
-9999 -9999 -9999 -9999 -9999 -9999 -9999 -9999 -9999 -9999 -9999 -9999 -9999 -9999 -9999 -9999 -9999 -9999 -9999 -9999 -9999 -9999 -9999 -9999 -9999 -9999 -9999 -9999 -9999 -9999 -9999 -9999 -9999 -9999 -9999 15 -9999 -9999 -9999 -9999 -9999 -9999 -9999 -9999 -9999 -9999 -9999 -9999 -9999 -9999 -9999 -9999 -9999 -9999 -9999 -9999 -9999 -9999 -9999 -9999 -9999 -9999 -9999 -9999 -9999 -9999 -9999 -9999 -9999 -9999 -9999 -9999 -9999 -9999 -9999 -9999 -9999 -9999 -9999 -9999 -9999 -9999 -9999 -9999 -9999 -9999 -9999 -9999 -9999 -9999 -9999 -9999 -9999
-9999 -9999 -9999 -9999 -9999 -9999 -9999 -9999 -9999 -9999 -9999 -9999 -9999 -9999 -9999 -9999 -9999 -9999 -9999 -9999 -9999 -9999 -9999 -9999 -9999 -9999 -9999 -9999 -9999 -9999 -9999 -9999 -9999 15 -9999 -9999 -9999 -9999 -9999 -9999 -9999 -9999 -9999 -9999 -9999 -9999 -9999 -9999 -9999 -9999 -9999 -9999 -9999 -9999 -9999 -9999 -9999 -9999 -9999 -9999 -9999 -9999 -9999 -9999 -9999 -9999 -9999 -9999 -9999 -9999 -9999 -9999 -9999 -9999 -9999 -9999 -9999 -9999 -9999 -9999 -9999 -9999 -9999 -9999 -9999 -9999 -9999 -9999 -9999 -9999 -9999 -9999 -9999
-9999 -9999 -9999 -9999 -9999 -9999 -9999 -9999 -9999 -9999 -9999 -9999 -9999 -9999 -9999 -9999 -9999 -9999 -9999 -9999 -9999 -9999 -9999 -9999 -9999 -9999 -9999 -9999 -9999 -9999 -9999 -9999 -9999 -9999 -9999 -9999 -9999 -9999 -9999 -9999 -9999 -9999 -9999 -9999 -9999 -9999 -9999 -9999 -9999 -9999 -9999 -9999 -9999 -9999 -9999 -9999 -9999 -9999 -9999 -9999 -9999 -9999 -9999 -9999 -9999 -9999 -9999 -9999 -9999 -9999 -9999 -9999 -9999 -9999 -9999 -9999 -9999 -9999 -9999 -9999 -9999 -9999 -9999 -9999 -9999 -9999 -9999 -9999 -9999 -9999 -9999 -9999 75
-9999 -9999 -9999 -9999 -9999 -9999 -9999 -9999 -9999 -9999 -9999 -9999 -9999 -9999 -9999 -9999 -9999 -9999 -9999 -9999 -9999 -9999 -9999 -9999 -9999 -9999 -9999 -9999 -9999 -9999 -9999 -9999 -9999 -9999 -9999 -9999 -9999 -9999 -9999 -9999 -9999 -9999 -9999 -9999 -9999 -9999 -9999 -9999 -9999 -9999 -9999 -9999 -9999 -9999 -9999 -9999 -9999 -9999 -9999 -9999 -9999 -9999 -9999 -9999 -9999 -9999 -9999 -9999 -9999 -9999 -9999 -9999 -9999 -9999 -9999 -9999 -9999 -9999 -9999 -9999 -9999 -9999 -9999 -9999 -9999 -9999 -9999 -9999 -9999 -9999 70 45 220
-9999 -9999 -9999 -9999 -9999 -9999 -9999 -9999 -9999 -9999 -9999 -9999 -9999 -9999 -9999 -9999 -9999 -9999 -9999 -9999 -9999 -9999 -9999 -9999 -9999 -9999 -9999 -9999 -9999 -9999 -9999 -9999 -9999 -9999 -9999 -9999 -9999 -9999 -9999 -9999 -9999 -9999 -9999 -9999 -9999 -9999 -9999 -9999 -9999 -9999 -9999 -9999 -9999 -9999 -9999 -9999 -9999 -9999 -9999 -9999 -9999 -9999 -9999 -9999 -9999 -9999 -9999 -9999 -9999 -9999 -9999 -9999 -9999 -9999 -9999 -9999 -9999 -9999 -9999 -9999 -9999 -9999 -9999 -9999 -9999 -9999 -9999 -9999 220 -9999 55 35 80
-9999 -9999 -9999 -9999 -9999 -9999 -9999 -9999 -9999 -9999 -9999 -9999 -9999 -9999 -9999 -9999 -9999 -9999 -9999 -9999 -9999 -9999 -9999 -9999 -9999 -9999 -9999 -9999 -9999 -9999 -9999 -9999 -9999 -9999 -9999 -9999 -9999 -9999 -9999 -9999 -9999 -9999 -9999 -9999 -9999 -9999 -9999 -9999 -9999 -9999 -9999 -9999 -9999 -9999 -9999 -9999 -9999 -9999 -9999 -9999 -9999 -9999 -9999 -9999 -9999 -9999 -9999 -9999 -9999 -9999 -9999 -9999 -9999 -9999 -9999 -9999 -9999 -9999 -9999 -9999 -9999 -9999 -9999 -9999 -9999 -9999 -9999 -9999 20 -9999 -9999 -9999 -9999
-9999 -9999 -9999 -9999 -9999 -9999 -9999 -9999 -9999 -9999 -9999 -9999 -9999 -9999 -9999 -9999 -9999 -9999 -9999 -9999 -9999 -9999 -9999 -9999 -9999 -9999 -9999 -9999 -9999 -9999 -9999 -9999 -9999 -9999 -9999 -9999 -9999 -9999 -9999 -9999 -9999 -9999 -9999 -9999 -9999 -9999 -9999 -9999 -9999 -9999 -9999 -9999 -9999 -9999 -9999 -9999 -9999 -9999 -9999 -9999 -9999 -9999 -9999 -9999 -9999 -9999 -9999 -9999 -9999 -9999 -9999 -9999 -9999 -9999 -9999 -9999 -9999 -9999 -9999 -9999 -9999 -9999 -9999 -9999 -9999 -9999 -9999 -9999 -9999 65 -9999 -9999 -9999
-9999 -9999 -9999 -9999 -9999 -9999 -9999 -9999 -9999 -9999 -9999 -9999 -9999 -9999 -9999 -9999 -9999 -9999 -9999 -9999 -9999 -9999 -9999 -9999 -9999 -9999 -9999 -9999 -9999 -9999 -9999 -9999 -9999 -9999 -9999 -9999 -9999 -9999 -9999 -9999 -9999 -9999 -9999 -9999 -9999 -9999 -9999 -9999 -9999 -9999 -9999 -9999 -9999 -9999 -9999 -9999 -9999 -9999 -9999 -9999 -9999 -9999 -9999 -9999 -9999 -9999 -9999 -9999 -9999 -9999 -9999 -9999 -9999 -9999 -9999 -9999 -9999 -9999 -9999 -9999 -9999 -9999 -9999 -9999 -9999 -9999 -9999 -9999 15 -9999 -9999 -9999 -9999
