inputlyrs/asc/TSD_t0.asc
NCOLS 805 
NROWS 436 
XLLCORNER -826981 
YLLCORNER 118589 
CELLSIZE 2000 
NODATA_value -9999 
[rows 205 to 245 of 436, columns 93 to 185 of 805]
35 -9999 5 30 0 40 55 60 10 25 85 80 15 100 100 100 75 95 85 85 65 75 75 25 40 -9999 5 15 15 10 15 -9999 -9999 10 25 0 15 25 -9999 -9999 90 0 -9999 15 20 0 25 55 15 25 75 70 10 115 30 125 55 115 115 120 115 -9999 -9999 -9999 20 20 30 0 185 -9999 15 20 20 15 115 -9999 10 10 50 115 0 10 120 125 10 0 125 125 0 30 70 75 75
30 30 120 40 0 60 130 0 -9999 80 15 15 85 85 15 90 85 5 95 65 90 95 -9999 15 125 5 15 -9999 10 -9999 15 5 20 0 10 -9999 -9999 70 -9999 0 130 15 15 20 5 5 10 90 75 20 -9999 10 90 120 75 -9999 25 -9999 75 -9999 -9999 80 80 0 80 80 65 75 -9999 60 -9999 115 115 65 75 15 10 70 70 40 120 55 125 60 130 130 125 30 20 20 80 80 75
30 30 35 40 20 25 60 10 90 65 15 25 90 35 20 85 15 10 0 15 -9999 5 90 0 90 15 -9999 5 -9999 -9999 15 10 95 70 20 175 90 -9999 115 90 125 80 10 10 15 0 10 0 85 90 95 95 120 115 70 -9999 55 20 50 75 55 0 30 -9999 115 115 80 -9999 70 115 15 190 0 0 0 115 80 5 -9999 80 125 20 15 45 10 30 40 25 55 120 70 85 100
45 5 45 50 175 25 -9999 75 65 0 0 15 90 95 5 85 15 10 20 20 70 0 70 85 5 20 10 -9999 20 15 10 -9999 25 80 5 95 15 50 15 5 95 5 15 0 -9999 5 20 10 5 25 0 0 30 5 45 45 55 115 20 5 -9999 0 25 -9999 30 -9999 0 0 180 15 0 -9999 10 15 20 20 115 125 -9999 20 25 15 30 75 80 0 0 25 5 65 70 85 70
80 65 125 65 45 60 50 -9999 10 25 -9999 95 85 90 95 75 65 65 100 90 90 25 10 20 10 15 15 20 -9999 10 10 -9999 90 10 15 100 100 70 25 125 25 25 10 20 10 115 5 15 25 20 -9999 0 120 20 20 65 5 15 0 115 -9999 0 25 -9999 25 20 0 -9999 130 180 120 120 20 10 0 120 15 35 125 115 130 5 55 80 125 125 115 125 80 75 65 70 -9999
60 175 75 75 5 0 175 -9999 15 0 90 185 95 15 75 10 5 15 15 80 90 25 0 25 10 20 -9999 5 15 10 10 95 25 95 15 0 -9999 5 190 20 10 90 15 100 100 15 -9999 15 15 -9999 5 0 5 115 -9999 0 0 180 20 15 5 15 130 25 -9999 85 80 -9999 0 125 25 15 20 125 120 125 130 15 0 -9999 130 120 5 130 75 15 130 60 10 65 70 -9999 95
15 15 10 185 10 75 75 65 115 -9999 120 100 85 60 -9999 20 75 90 15 5 10 0 0 95 15 10 30 15 0 15 -9999 15 90 15 15 10 20 15 20 20 120 15 10 0 15 95 -9999 5 95 -9999 20 10 20 20 -9999 25 5 75 20 125 20 10 120 30 80 125 15 10 20 125 120 25 125 25 -9999 25 115 15 120 130 115 25 65 -9999 125 20 120 25 75 0 -9999 -9999 125
0 0 180 25 75 0 70 -9999 175 185 -9999 -9999 -9999 -9999 80 90 85 20 10 15 85 85 95 95 20 0 25 15 15 15 10 5 5 5 15 115 20 5 15 35 -9999 15 125 20 100 15 10 0 -9999 5 20 10 80 120 80 -9999 120 5 20 20 10 15 20 0 -9999 15 10 25 0 125 30 190 -9999 130 5 20 10 125 0 0 25 10 25 130 45 120 0 125 15 80 130 5 -9999
25 180 120 85 130 25 20 90 70 25 -9999 -9999 15 30 70 15 25 25 5 30 -9999 0 90 25 20 -9999 10 0 10 10 5 190 90 85 120 130 25 115 40 25 0 15 -9999 25 20 20 15 -9999 10 40 70 0 15 15 20 -9999 20 15 10 20 180 -9999 15 0 90 120 65 85 30 15 65 20 75 125 95 0 20 15 125 0 130 120 30 115 5 5 -9999 0 65 80 10 5 15
25 0 0 0 15 20 55 190 100 -9999 -9999 -9999 80 65 85 95 100 25 -9999 -9999 10 75 85 10 -9999 -9999 -9999 15 20 10 30 30 0 85 75 90 0 20 5 -9999 115 0 40 15 25 30 55 -9999 180 20 5 20 125 75 70 70 -9999 70 120 20 -9999 85 20 130 125 0 80 70 20 0 -9999 30 85 30 75 0 125 80 70 125 15 125 60 0 25 10 0 10 65 75 5 15 10
185 70 30 30 90 15 0 95 -9999 -9999 -9999 75 30 20 40 70 65 15 10 25 100 5 0 90 75 15 20 20 100 15 0 25 85 100 85 -9999 15 120 -9999 10 185 35 30 -9999 20 -9999 -9999 5 10 -9999 75 0 10 -9999 65 -9999 -9999 5 15 -9999 125 25 190 100 85 15 -9999 0 0 -9999 85 80 65 60 180 115 115 130 120 130 45 80 -9999 -9999 -9999 100 15 -9999 115 90 10 130 115
55 25 -9999 40 95 0 5 -9999 -9999 35 75 20 0 75 80 5 5 0 10 70 10 85 25 20 95 -9999 20 100 100 90 -9999 10 90 10 0 30 -9999 15 20 20 15 125 70 80 65 20 35 25 -9999 115 65 90 -9999 -9999 -9999 -9999 90 35 0 15 0 70 80 30 70 0 80 80 65 15 75 50 100 20 130 115 20 65 5 115 80 130 -9999 -9999 75 15 -9999 120 0 55 125 185 75
30 5 85 25 15 10 -9999 -9999 80 130 95 0 75 5 70 30 20 -9999 0 100 15 65 0 40 20 15 -9999 95 90 10 95 100 5 15 180 5 120 175 -9999 75 10 0 180 175 175 30 25 35 40 -9999 10 15 -9999 65 30 115 15 5 -9999 65 15 80 45 0 65 65 25 15 65 10 0 30 75 125 130 75 80 65 15 15 130 -9999 45 130 0 -9999 10 15 10 10 30 10 -9999
65 30 30 -9999 20 130 -9999 -9999 30 -9999 15 0 75 80 75 25 70 10 80 -9999 -9999 10 -9999 65 90 0 95 90 85 95 -9999 5 125 -9999 15 5 -9999 10 120 190 15 25 115 190 -9999 -9999 -9999 -9999 80 15 10 10 80 -9999 5 -9999 25 -9999 10 80 0 70 70 0 25 -9999 25 30 -9999 20 5 -9999 65 60 125 0 75 65 120 20 125 120 50 0 0 15 20 0 25 180 15 10 0
35 85 190 0 55 0 -9999 -9999 0 85 65 0 65 5 95 5 185 5 30 40 -9999 100 15 10 90 15 100 10 90 20 10 15 40 130 90 20 25 180 10 190 -9999 60 10 175 15 -9999 20 115 10 75 20 15 80 75 -9999 0 -9999 -9999 20 30 0 70 -9999 25 20 30 0 25 15 10 75 65 115 85 65 120 130 115 -9999 115 0 75 95 15 10 30 15 100 80 60 10 20 5
15 5 15 0 -9999 -9999 -9999 60 10 190 125 70 0 5 95 65 120 30 15 90 25 25 85 90 90 90 85 -9999 -9999 80 100 175 25 0 90 20 120 125 -9999 125 50 125 20 10 50 80 35 15 10 5 5 65 15 80 5 0 80 175 65 75 70 20 -9999 80 70 15 70 -9999 0 15 25 75 95 120 65 125 125 130 20 25 85 40 20 15 10 25 40 35 185 -9999 35 15 -9999
-9999 130 15 10 50 0 -9999 0 100 10 0 120 0 20 175 85 0 0 30 10 40 25 85 100 10 20 -9999 70 -9999 10 20 35 -9999 15 20 100 0 -9999 15 25 175 35 10 30 185 10 -9999 15 65 20 5 10 0 20 75 -9999 -9999 70 70 80 95 80 80 -9999 65 65 70 0 0 -9999 80 80 25 100 65 20 100 0 0 65 65 185 15 15 0 -9999 125 25 95 25 15 65 -9999
85 20 0 90 120 65 10 75 100 75 15 10 10 0 -9999 85 95 100 -9999 -9999 25 -9999 185 40 40 100 35 -9999 75 100 35 30 -9999 125 115 35 180 180 190 75 -9999 5 185 10 15 -9999 30 10 20 20 100 120 -9999 0 70 -9999 25 65 70 100 95 75 100 65 115 0 15 70 65 25 70 95 80 30 0 120 -9999 20 95 15 90 0 100 0 -9999 30 30 -9999 -9999 -9999 -9999 -9999 -9999
30 0 175 25 0 -9999 30 65 95 90 25 0 30 25 70 100 0 30 25 40 35 30 25 -9999 -9999 75 -9999 25 30 30 0 30 35 90 120 115 -9999 20 15 5 5 0 -9999 -9999 40 20 -9999 70 -9999 5 180 70 -9999 20 80 -9999 25 90 65 0 80 0 15 70 65 80 -9999 15 25 20 95 -9999 -9999 65 15 120 10 10 25 -9999 -9999 -9999 -9999 190 -9999 95 -9999 -9999 -9999 -9999 -9999 -9999 -9999
20 15 0 30 120 -9999 0 90 0 70 0 0 125 0 80 0 35 20 30 60 45 50 90 20 95 -9999 20 25 30 10 35 40 40 100 40 85 70 5 10 5 15 5 -9999 185 20 10 -9999 85 85 0 -9999 -9999 90 30 10 80 70 85 70 95 90 65 70 75 75 0 20 20 30 15 80 65 60 25 125 25 10 -9999 0 -9999 -9999 -9999 -9999 130 95 20 -9999 -9999 -9999 -9999 -9999 -9999 -9999
40 90 100 40 95 15 70 65 20 70 75 55 50 10 10 15 10 95 50 80 50 40 65 65 65 20 85 5 -9999 -9999 30 35 -9999 90 100 10 190 0 20 45 -9999 185 70 65 75 90 -9999 90 70 0 20 -9999 40 55 70 80 -9999 0 190 15 70 30 -9999 80 70 -9999 85 75 15 65 0 10 -9999 25 -9999 15 -9999 -9999 -9999 -9999 -9999 -9999 -9999 -9999 65 25 -9999 -9999 -9999 -9999 -9999 -9999 -9999
85 0 35 -9999 25 -9999 20 75 15 0 130 20 95 20 20 100 10 70 60 45 30 65 25 40 25 30 25 -9999 20 100 25 30 115 40 30 0 -9999 20 130 70 80 -9999 30 100 175 180 190 125 5 20 -9999 75 -9999 70 65 20 95 70 125 75 190 -9999 80 5 70 70 55 115 0 100 5 85 185 95 125 115 -9999 125 -9999 -9999 -9999 -9999 130 -9999 -9999 -9999 -9999 -9999 -9999 -9999 -9999 -9999 -9999
5 45 -9999 35 25 0 65 65 80 115 45 35 15 45 10 15 25 20 80 35 0 25 -9999 40 35 30 -9999 -9999 35 30 115 30 5 15 35 20 65 0 180 -9999 -9999 -9999 190 -9999 190 130 175 -9999 -9999 90 80 75 10 -9999 90 0 70 0 70 30 -9999 20 -9999 65 75 0 5 70 15 85 125 90 -9999 0 190 0 -9999 -9999 -9999 -9999 -9999 -9999 -9999 180 -9999 -9999 75 -9999 -9999 -9999 -9999 -9999 -9999
55 50 -9999 185 0 80 30 90 80 60 70 5 5 80 60 70 0 100 20 175 80 65 65 0 80 95 15 30 30 35 100 90 40 75 -9999 130 190 115 45 45 60 15 120 60 175 -9999 -9999 -9999 -9999 80 65 25 -9999 -9999 75 -9999 65 75 30 10 70 20 -9999 90 75 70 115 20 10 95 0 15 -9999 15 125 100 95 -9999 -9999 -9999 -9999 175 0 -9999 -9999 -9999 -9999 -9999 -9999 -9999 -9999 -9999 -9999
0 60 75 70 40 65 35 0 -9999 75 70 10 85 130 80 100 40 40 90 80 190 75 75 30 80 115 35 25 25 180 70 40 15 40 130 15 30 50 130 -9999 190 10 175 10 180 15 -9999 15 50 55 70 95 -9999 65 80 75 180 80 190 -9999 85 5 -9999 70 80 75 15 10 15 120 0 85 -9999 -9999 65 -9999 -9999 -9999 -9999 -9999 -9999 100 -9999 -9999 100 90 -9999 -9999 -9999 -9999 -9999 -9999 -9999
10 -9999 80 15 40 5 80 185 -9999 65 10 180 95 25 -9999 90 0 -9999 75 30 -9999 25 -9999 25 35 125 40 125 75 50 35 120 40 125 35 180 20 130 0 -9999 65 25 0 40 15 0 -9999 55 45 50 5 -9999 10 80 80 80 -9999 15 -9999 -9999 10 20 175 70 115 0 20 15 -9999 180 5 10 -9999 -9999 -9999 -9999 -9999 -9999 -9999 0 -9999 20 95 -9999 -9999 -9999 125 -9999 -9999 -9999 -9999 -9999 -9999
70 65 55 25 -9999 85 40 40 25 -9999 70 35 75 90 75 25 95 25 15 15 40 90 125 60 45 55 30 -9999 70 40 30 30 -9999 90 180 30 185 -9999 10 -9999 25 40 130 20 15 50 60 45 10 55 -9999 15 115 -9999 -9999 5 -9999 175 -9999 15 100 185 0 25 5 0 10 120 185 15 -9999 10 15 120 -9999 130 115 -9999 -9999 125 100 -9999 -9999 -9999 -9999 80 -9999 -9999 15 15 -9999 -9999 -9999
0 65 35 25 10 65 95 80 85 70 15 35 10 65 25 90 35 40 85 -9999 -9999 70 25 10 60 40 50 35 35 40 25 45 25 40 75 120 55 -9999 5 190 5 15 25 20 40 50 30 50 45 0 -9999 115 25 -9999 15 -9999 25 -9999 -9999 180 130 -9999 15 190 185 15 15 15 -9999 0 -9999 120 5 -9999 -9999 -9999 -9999 15 15 20 5 -9999 95 175 130 -9999 -9999 80 80 80 -9999 -9999 -9999
0 0 75 70 10 85 80 50 85 5 30 35 60 70 85 35 30 95 15 25 -9999 100 85 40 35 -9999 25 35 40 60 25 5 30 125 190 125 -9999 25 25 20 95 15 115 5 25 55 60 20 90 180 15 5 25 -9999 15 15 180 20 0 30 20 0 120 0 -9999 -9999 190 -9999 20 -9999 -9999 -9999 -9999 -9999 -9999 -9999 20 190 115 10 -9999 -9999 80 80 100 115 15 -9999 0 10 -9999 -9999 -9999
45 70 0 55 0 55 50 0 40 30 130 100 40 10 20 50 40 85 30 30 30 40 45 30 100 30 25 25 55 80 65 95 190 185 0 5 185 10 20 10 5 125 190 40 -9999 50 45 10 30 180 30 175 -9999 10 190 5 125 0 0 10 -9999 -9999 175 -9999 50 50 70 -9999 -9999 -9999 -9999 -9999 -9999 -9999 -9999 -9999 -9999 10 120 0 -9999 -9999 65 80 175 -9999 185 175 80 -9999 -9999 -9999 -9999
65 45 65 75 -9999 55 25 15 25 55 40 30 40 -9999 25 20 40 5 35 95 190 25 -9999 45 0 175 190 60 45 125 130 40 30 25 125 175 185 25 -9999 30 20 25 15 50 25 65 60 125 180 115 35 175 -9999 15 120 0 125 0 130 0 10 10 55 50 45 -9999 -9999 185 130 -9999 75 -9999 -9999 -9999 85 20 -9999 120 190 -9999 -9999 5 30 10 -9999 -9999 10 0 100 10 -9999 -9999 -9999
85 60 15 0 50 50 75 65 65 80 40 45 90 30 35 40 100 100 40 25 -9999 -9999 30 40 15 -9999 45 50 30 -9999 60 175 125 25 190 5 25 -9999 -9999 5 90 20 0 60 10 30 130 15 25 15 15 20 25 0 -9999 5 25 0 130 115 -9999 125 -9999 -9999 45 75 120 0 -9999 120 70 -9999 -9999 -9999 90 20 15 0 -9999 -9999 30 5 120 85 20 95 20 85 85 90 10 90 -9999
20 0 35 10 30 15 60 75 80 50 50 180 175 45 40 80 65 180 -9999 -9999 100 95 100 30 30 190 180 60 60 45 190 60 -9999 -9999 175 20 -9999 -9999 185 10 20 175 5 -9999 60 40 15 5 35 0 10 60 15 60 0 175 0 175 0 10 -9999 -9999 -9999 50 55 -9999 80 5 -9999 180 115 -9999 -9999 125 0 95 -9999 -9999 -9999 -9999 25 -9999 185 90 85 10 90 100 -9999 -9999 75 115 125
0 70 65 0 10 75 10 -9999 75 75 70 25 70 180 40 25 65 65 80 45 80 30 25 35 30 35 60 120 50 50 15 40 55 50 45 -9999 0 65 15 115 20 25 50 45 55 5 0 40 130 0 10 120 115 25 -9999 25 -9999 -9999 125 5 190 15 10 25 -9999 -9999 -9999 -9999 -9999 -9999 -9999 -9999 -9999 -9999 -9999 15 90 -9999 -9999 -9999 -9999 20 20 5 20 120 95 -9999 -9999 0 125 -9999 115
30 75 65 70 25 0 10 190 0 80 0 60 20 0 30 95 80 25 35 65 180 40 90 5 25 35 30 70 35 50 180 20 55 45 185 20 175 125 10 0 15 -9999 60 50 15 5 30 30 15 0 15 30 120 80 30 15 0 130 175 15 0 175 25 75 80 80 15 -9999 70 -9999 125 -9999 40 115 20 -9999 5 -9999 -9999 -9999 -9999 -9999 20 85 95 5 95 -9999 95 20 -9999 65 70
15 90 0 0 25 60 45 10 70 80 185 0 75 15 40 25 40 80 50 25 35 75 20 50 65 45 -9999 60 0 30 -9999 180 175 120 180 20 0 0 30 45 45 35 65 0 5 30 15 5 20 5 0 10 15 -9999 20 130 180 -9999 50 120 0 70 75 15 185 20 15 65 65 -9999 -9999 5 190 130 90 100 -9999 10 30 -9999 -9999 -9999 10 15 -9999 10 100 -9999 20 -9999 75 65 95
5 55 70 0 10 80 190 55 180 70 10 25 75 15 35 -9999 60 75 85 15 95 25 -9999 15 0 20 0 40 15 -9999 50 20 185 175 95 15 20 5 5 185 35 60 190 50 25 15 0 10 15 10 25 45 45 25 55 55 45 115 55 75 80 55 5 5 0 10 25 75 190 30 120 180 25 0 185 20 -9999 -9999 95 -9999 100 -9999 -9999 90 -9999 -9999 20 15 10 20 65 65 75
5 0 185 20 15 190 75 0 45 20 10 20 80 70 70 35 35 45 70 10 30 0 15 20 10 20 5 0 -9999 0 25 0 15 20 0 5 -9999 20 45 55 -9999 45 120 40 40 0 60 20 185 10 15 40 15 10 65 75 -9999 45 55 10 50 80 -9999 15 75 70 70 25 80 5 -9999 10 25 125 15 90 -9999 -9999 30 120 95 -9999 -9999 15 85 15 15 -9999 -9999 20 75 70 70
25 185 80 45 130 60 65 50 90 25 80 15 190 10 65 65 100 20 -9999 25 10 -9999 15 0 20 15 30 20 75 5 -9999 5 25 185 -9999 -9999 40 180 65 70 175 175 -9999 30 10 30 15 10 15 0 0 20 10 25 80 60 -9999 10 30 0 45 180 190 10 75 80 80 70 70 -9999 25 75 5 15 15 20 -9999 85 -9999 -9999 0 85 85 90 -9999 10 15 -9999 15 90 0 70 -9999
15 10 65 0 60 55 15 60 0 45 55 180 70 25 55 75 10 75 20 0 0 15 0 0 180 15 40 0 5 5 20 20 0 5 190 30 -9999 20 -9999 40 30 30 5 180 15 80 0 125 175 45 30 -9999 20 75 75 -9999 50 175 -9999 0 0 70 5 75 65 80 5 15 -9999 10 10 10 15 10 25 0 -9999 85 85 100 15 95 120 10 0 175 10 10 120 65 65 80 -9999
25 125 175 60 50 115 0 60 25 25 25 60 0 0 75 10 10 20 20 120 0 20 25 0 10 25 5 30 15 0 180 10 40 -9999 20 120 15 5 190 10 180 15 80 0 10 50 75 75 175 55 0 25 70 70 75 80 45 50 65 65 45 0 70 80 80 75 65 185 65 5 180 70 10 10 65 -9999 -9999 90 90 0 15 -9999 25 0 5 25 20 5 70 70 190 80 75
