inputlyrs/asc/TSD_t0.asc
NCOLS 805 
NROWS 436 
XLLCORNER -826981 
YLLCORNER 118589 
CELLSIZE 2000 
NODATA_value -9999 
[rows 287 to 327 of 436, columns 186 to 278 of 805]
80 65 -9999 -9999 75 65 90 80 25 75 65 20 65 190 190 0 -9999 -9999 -9999 -9999 60 50 40 -9999 -9999 80 75 30 45 15 10 -9999 190 75 65 65 75 80 70 20 -9999 70 70 60 -9999 10 80 75 20 10 75 75 75 80 70 -9999 5 -9999 75 80 10 70 185 65 20 -9999 15 70 20 80 60 80 70 30 75 25 35 70 175 190 5 75 -9999 40 70 70 60 30 40 45 180 80 30
75 70 75 80 75 70 -9999 65 15 100 20 70 5 15 10 0 -9999 -9999 80 -9999 75 190 -9999 65 175 180 65 50 60 10 70 175 65 20 80 65 70 15 75 75 -9999 100 95 75 70 70 0 85 90 95 75 20 70 70 100 75 85 190 190 75 65 65 185 -9999 190 10 40 45 5 15 5 0 65 75 -9999 65 70 190 20 15 15 80 190 5 70 -9999 75 25 10 180 185 30 80
70 80 80 70 75 80 80 80 15 95 15 65 175 175 185 0 -9999 -9999 -9999 185 190 75 60 180 45 80 30 190 185 -9999 175 20 -9999 80 0 30 15 80 185 80 15 70 80 70 80 5 80 70 -9999 65 75 10 85 -9999 75 70 65 75 100 85 70 60 30 25 25 70 0 25 0 65 65 5 180 65 40 55 180 75 75 175 5 75 65 90 -9999 75 -9999 80 -9999 90 90 65 75
65 70 75 65 -9999 70 15 5 65 -9999 -9999 190 190 10 20 -9999 -9999 25 50 20 100 70 25 5 45 50 5 0 70 60 55 80 90 20 75 70 75 75 0 65 175 85 75 -9999 75 75 10 5 70 0 65 35 65 65 95 85 40 70 75 65 65 70 70 65 -9999 65 80 10 30 20 70 70 65 25 70 25 75 75 75 20 95 190 -9999 70 90 55 100 -9999 65 85 65 45 50
190 45 80 65 -9999 185 75 80 -9999 75 -9999 65 -9999 -9999 15 -9999 20 5 0 90 40 65 -9999 185 -9999 45 -9999 95 15 5 80 55 80 75 75 70 75 75 70 75 80 65 75 75 15 20 190 70 -9999 80 95 100 90 10 85 40 85 -9999 0 100 85 180 15 -9999 75 -9999 70 20 0 180 65 65 175 30 75 80 185 180 80 10 15 85 -9999 190 -9999 20 75 75 65 35 190 70 75
60 -9999 115 0 45 -9999 70 80 -9999 70 65 -9999 -9999 10 70 10 185 180 10 60 5 185 40 45 60 50 -9999 85 20 10 10 80 -9999 -9999 65 75 75 20 10 5 65 15 -9999 70 75 20 70 5 75 0 0 85 65 -9999 5 80 75 35 80 90 65 70 65 25 80 65 80 20 -9999 80 65 45 -9999 70 70 25 190 175 70 -9999 -9999 75 -9999 -9999 10 15 100 75 75 55 70 65 45
5 175 90 -9999 65 80 45 -9999 15 -9999 70 80 180 65 -9999 190 175 80 175 190 20 -9999 -9999 55 65 -9999 -9999 -9999 5 -9999 95 -9999 85 100 70 10 75 20 15 15 15 80 -9999 65 65 80 80 15 10 100 5 80 75 65 5 5 80 70 -9999 0 0 75 30 35 75 30 70 50 5 80 65 75 70 75 10 60 185 80 70 -9999 10 75 -9999 10 20 25 75 95 80 65 180 80 65
80 -9999 -9999 45 185 75 120 80 75 65 -9999 70 -9999 -9999 65 10 5 90 5 70 175 65 15 50 70 10 -9999 15 180 10 100 70 90 15 20 95 20 5 5 90 15 100 95 100 65 85 5 95 90 10 100 90 5 10 95 65 95 100 65 80 75 75 65 70 20 -9999 -9999 -9999 15 80 30 55 75 75 80 185 65 70 -9999 185 75 55 45 45 20 -9999 15 95 35 40 180 65 25
75 -9999 45 180 80 70 65 -9999 70 80 -9999 -9999 -9999 190 80 175 20 -9999 15 75 0 80 50 -9999 0 85 25 85 20 90 100 100 5 5 20 75 85 10 95 80 5 65 190 15 85 95 85 90 75 5 15 20 -9999 80 100 65 75 65 75 75 75 80 -9999 30 10 100 30 80 75 70 75 60 15 15 70 175 190 75 185 -9999 180 -9999 185 85 185 175 85 90 80 65 190 120 175
180 190 80 50 -9999 65 75 75 -9999 -9999 -9999 -9999 -9999 -9999 0 15 5 120 175 190 30 100 55 35 50 95 15 15 10 10 95 175 5 10 10 100 65 15 15 65 65 65 75 -9999 100 70 65 75 30 10 95 -9999 75 90 70 185 70 70 75 70 75 80 75 15 185 70 -9999 40 65 60 75 40 175 70 5 75 25 190 50 -9999 70 -9999 45 65 5 125 90 20 80 45 180 185 45
-9999 190 65 -9999 -9999 -9999 55 185 -9999 -9999 -9999 70 -9999 -9999 190 70 80 180 65 65 -9999 -9999 -9999 80 70 5 15 40 5 95 5 10 185 85 10 100 10 100 95 65 70 -9999 75 65 185 65 80 80 75 75 75 75 55 100 100 70 65 100 75 75 -9999 65 15 65 40 85 -9999 30 15 15 40 35 35 10 80 65 75 10 190 5 180 175 55 180 10 5 100 10 25 75 25 65 80
-9999 190 190 -9999 65 75 -9999 -9999 -9999 75 175 45 -9999 -9999 -9999 70 55 45 50 15 15 -9999 -9999 100 -9999 80 5 20 -9999 15 75 45 80 60 85 95 0 5 85 75 90 10 90 -9999 175 185 40 30 25 80 75 80 -9999 35 35 80 55 -9999 180 75 190 80 70 80 190 70 -9999 0 5 75 75 -9999 -9999 10 175 180 0 20 -9999 15 70 55 45 190 190 20 25 100 50 90 70 75 0
55 80 55 55 70 180 65 -9999 70 55 60 50 50 10 80 15 45 50 190 0 15 -9999 -9999 -9999 5 85 10 50 80 5 70 50 50 80 -9999 45 90 95 95 80 10 25 0 100 25 185 75 90 75 180 90 60 45 45 65 65 -9999 75 75 65 80 80 65 75 70 70 -9999 80 70 70 70 80 15 45 45 180 25 70 80 80 45 60 190 10 70 190 60 55 190 30 75 180 75
55 65 175 80 -9999 60 -9999 -9999 10 10 -9999 50 55 -9999 0 25 25 15 70 50 20 175 15 -9999 100 175 20 15 95 185 -9999 80 65 70 75 65 85 5 85 10 80 15 90 70 55 95 100 75 25 55 60 55 60 30 70 -9999 -9999 10 35 50 190 180 95 80 90 -9999 80 50 185 10 70 -9999 -9999 15 175 70 55 175 -9999 60 -9999 55 20 30 65 70 75 185 100 35 175 5 30
190 65 185 80 -9999 50 185 -9999 180 0 0 175 45 20 20 185 65 185 180 80 -9999 50 55 75 90 25 65 70 20 75 70 65 65 70 95 185 -9999 -9999 95 80 90 70 75 15 80 70 50 45 70 85 65 60 30 25 45 175 -9999 65 70 65 80 190 25 75 0 -9999 55 15 65 80 70 75 175 65 75 55 -9999 70 60 50 25 10 65 95 55 70 5 95 50 -9999 0 0 75
75 80 190 75 -9999 130 70 185 180 185 180 70 -9999 85 30 65 70 175 75 0 180 15 0 175 20 -9999 80 20 70 -9999 95 5 70 100 70 5 85 90 100 185 185 75 55 100 75 190 45 185 60 25 50 70 75 40 45 70 175 75 90 70 -9999 80 45 30 65 45 60 75 65 70 80 -9999 -9999 -9999 55 -9999 60 180 50 45 25 185 50 -9999 60 65 180 90 85 80 25 65 30
-9999 190 60 90 185 75 190 185 25 50 75 -9999 -9999 -9999 25 75 75 15 15 75 75 85 80 65 40 40 60 25 50 25 -9999 20 -9999 15 190 20 85 100 185 15 10 0 50 70 65 70 65 30 0 180 175 70 60 -9999 45 190 175 175 -9999 0 175 0 65 65 75 10 60 175 180 180 -9999 -9999 185 65 180 190 70 175 50 185 175 45 -9999 -9999 85 55 15 -9999 95 -9999 70 80 20
175 75 50 65 190 25 80 80 45 30 -9999 70 70 190 15 80 -9999 15 65 -9999 50 65 85 90 -9999 20 40 10 75 85 65 20 90 85 75 85 10 100 5 185 5 5 80 55 100 65 65 -9999 -9999 90 75 100 -9999 70 20 50 50 45 55 45 70 65 20 80 75 -9999 60 60 190 -9999 45 -9999 180 190 190 50 60 175 0 50 190 10 55 120 180 180 70 185 50 70 15 40 55
75 75 95 -9999 -9999 65 180 60 15 -9999 180 95 30 5 5 15 50 5 190 5 75 75 90 95 190 50 15 130 50 70 80 20 65 85 100 90 100 10 65 20 80 45 55 80 15 10 80 75 65 -9999 65 70 180 75 70 30 180 35 55 55 60 65 65 75 70 -9999 45 80 190 45 45 -9999 185 70 190 15 50 65 180 80 45 185 75 -9999 -9999 190 180 175 175 -9999 65 35 75
5 35 30 190 -9999 95 -9999 95 5 -9999 0 90 -9999 75 -9999 -9999 10 185 65 175 0 15 80 180 190 15 15 90 30 15 15 100 95 10 15 0 85 90 80 65 15 15 20 15 20 75 5 0 80 185 70 65 80 65 65 25 175 75 45 45 65 -9999 70 100 125 175 60 20 75 55 -9999 190 190 75 65 185 45 90 95 50 -9999 65 50 30 10 180 90 100 30 175 90 0 70
175 175 50 10 180 180 -9999 190 45 75 70 185 180 50 185 115 180 -9999 70 20 -9999 75 185 100 20 75 90 75 100 95 5 20 95 15 90 90 10 85 85 100 5 5 20 15 10 5 20 85 100 180 65 25 30 -9999 75 75 180 190 175 25 175 10 25 100 45 45 50 50 55 60 -9999 185 20 190 20 15 0 -9999 25 65 -9999 180 45 0 50 95 95 75 25 80 40 80 65
90 65 85 75 60 25 75 115 25 -9999 80 70 65 15 185 190 120 -9999 190 175 70 175 95 15 15 90 10 85 20 95 5 10 20 80 5 80 20 75 70 0 0 5 10 15 15 90 -9999 0 20 20 65 90 80 65 30 70 75 80 45 80 75 50 75 25 120 45 -9999 35 45 50 185 20 175 65 185 10 65 15 45 -9999 -9999 175 -9999 70 180 190 55 0 175 0 80 185 0
180 -9999 10 95 40 55 20 175 60 -9999 60 -9999 -9999 15 190 -9999 190 65 175 190 65 -9999 20 20 15 15 85 25 55 20 85 80 65 60 15 50 60 50 20 0 10 5 20 -9999 -9999 70 5 80 75 65 65 75 15 65 70 80 50 185 65 70 65 65 70 65 65 70 175 80 65 35 50 190 55 10 175 190 80 45 75 70 60 70 80 75 75 180 180 5 175 15 80 70 15
70 20 55 180 190 190 55 25 10 75 65 -9999 -9999 80 -9999 180 50 -9999 65 -9999 20 20 15 15 15 100 95 115 15 45 65 -9999 65 65 65 65 5 10 15 5 50 15 10 10 15 0 10 70 70 -9999 65 30 10 60 75 65 75 75 80 75 20 185 95 60 75 45 -9999 70 -9999 20 20 80 65 60 5 0 175 175 75 190 80 75 -9999 100 175 90 175 65 80 70 185 50 20
70 75 60 15 25 25 50 50 55 100 60 55 70 80 65 65 70 -9999 70 -9999 85 -9999 75 90 10 25 55 55 -9999 65 45 80 60 25 5 55 15 20 5 75 -9999 70 55 -9999 15 -9999 5 75 0 50 70 20 190 20 20 40 10 60 5 10 55 -9999 45 65 180 5 70 180 80 35 75 15 65 50 180 175 190 180 65 100 95 180 65 185 70 75 175 75 0 125 45 -9999 20
65 175 115 25 175 185 75 80 70 10 15 0 80 180 0 5 20 180 -9999 10 15 70 -9999 5 -9999 0 -9999 80 75 0 70 75 70 75 -9999 70 10 10 5 10 75 175 70 0 70 65 20 80 10 80 175 15 70 10 5 80 75 75 65 185 15 55 35 185 70 175 185 75 190 75 55 45 180 45 15 70 50 70 180 -9999 85 -9999 60 -9999 185 70 75 15 45 175 65 60 -9999
50 65 85 180 50 40 190 70 70 -9999 15 15 175 15 -9999 -9999 75 180 -9999 80 20 10 -9999 5 15 65 85 60 115 75 -9999 5 70 25 -9999 65 0 10 5 15 70 175 5 80 0 80 0 75 185 75 20 70 65 65 65 175 60 25 70 185 65 65 75 -9999 175 55 65 50 75 20 30 10 20 55 25 20 175 185 0 90 55 45 55 50 90 75 190 55 10 45 45 180 180
190 45 70 30 65 35 190 15 60 70 5 15 75 190 75 185 20 65 -9999 -9999 70 65 5 -9999 5 15 75 -9999 80 55 80 65 80 25 75 75 65 50 -9999 5 10 5 80 15 70 20 5 65 65 80 65 75 65 70 0 -9999 70 75 185 -9999 10 75 175 -9999 20 80 60 45 55 190 5 75 10 45 40 25 15 10 180 185 185 65 -9999 55 70 190 -9999 45 65 40 45 190 175
190 60 75 10 -9999 75 190 45 15 115 65 10 -9999 -9999 175 5 5 -9999 185 70 -9999 -9999 20 185 -9999 -9999 -9999 5 65 -9999 80 80 20 -9999 75 70 80 80 45 55 175 15 70 5 190 -9999 70 10 180 -9999 -9999 0 -9999 65 190 180 45 80 185 185 175 -9999 75 75 15 60 185 45 65 185 20 75 25 190 175 80 80 100 70 100 185 55 180 85 80 75 25 190 15 65 80 190 -9999
175 30 5 0 180 180 40 15 175 180 75 190 65 -9999 -9999 15 25 5 -9999 -9999 175 70 -9999 65 75 -9999 80 -9999 70 55 5 180 70 80 60 75 75 60 75 75 60 50 45 50 5 75 80 65 175 -9999 185 80 75 65 80 75 40 35 175 75 100 185 75 -9999 70 10 10 180 80 50 190 70 70 65 75 55 100 5 10 75 180 70 5 180 5 35 130 30 35 75 185 25 180
30 175 125 25 10 65 5 75 -9999 70 65 175 70 5 15 15 190 180 20 185 180 180 65 10 70 -9999 75 15 -9999 10 95 75 75 65 185 60 15 65 15 0 185 20 -9999 -9999 -9999 75 70 95 -9999 185 75 80 75 15 175 5 40 185 180 85 190 180 190 175 185 70 5 190 175 180 180 0 80 100 85 80 65 65 -9999 70 75 190 30 185 80 175 70 190 65 15 10 180 20
15 70 -9999 30 50 15 10 185 180 175 175 20 -9999 15 20 20 -9999 15 5 80 65 75 70 20 65 80 70 -9999 65 180 45 55 70 -9999 55 50 45 0 45 80 5 10 -9999 5 65 -9999 50 -9999 -9999 75 75 80 20 15 85 80 70 40 30 175 60 70 175 75 190 190 75 -9999 0 -9999 175 30 75 65 25 30 40 50 65 175 0 180 190 190 75 20 175 30 30 30 180 5 5
75 190 75 130 5 -9999 65 185 70 75 180 70 65 20 20 5 10 20 80 40 75 25 30 -9999 20 10 20 175 -9999 75 85 55 -9999 60 55 30 60 -9999 60 75 5 80 55 20 80 180 65 15 15 185 75 30 -9999 70 10 -9999 80 65 185 180 175 -9999 180 90 60 190 175 175 175 -9999 80 80 55 70 30 180 30 -9999 175 35 185 190 190 175 0 10 70 65 -9999 25 65 80 190
70 185 60 85 65 10 70 35 75 15 75 65 65 -9999 5 -9999 180 185 30 10 65 15 25 15 20 -9999 65 95 25 45 80 55 45 60 50 60 45 -9999 50 -9999 -9999 60 20 50 10 180 80 60 15 15 70 70 35 185 60 65 190 175 180 -9999 75 190 75 185 -9999 -9999 30 190 180 -9999 45 180 175 -9999 -9999 180 25 190 175 -9999 20 180 175 190 80 30 10 25 25 190 175 10 185
75 5 -9999 20 15 65 -9999 190 80 5 75 10 0 20 10 40 80 65 15 75 85 10 5 10 95 0 -9999 95 65 190 65 60 80 60 75 60 65 55 0 -9999 60 -9999 20 15 20 190 -9999 185 180 70 65 175 30 180 15 65 45 70 175 80 80 75 65 -9999 180 -9999 180 60 180 100 55 10 10 175 80 25 -9999 180 185 5 30 15 20 80 75 15 40 0 190 185 190 190 -9999
75 95 100 20 70 20 5 15 20 75 15 65 15 10 175 80 0 -9999 65 -9999 -9999 25 35 70 30 65 40 35 -9999 65 100 70 50 80 175 -9999 70 70 115 45 55 45 15 45 75 60 15 -9999 175 80 70 5 190 15 50 190 10 180 30 25 190 -9999 0 25 20 20 55 60 190 -9999 175 50 15 40 50 180 65 190 180 40 5 180 35 5 75 75 175 15 190 175 185 180 10
175 15 15 5 -9999 190 20 80 175 -9999 10 85 0 65 5 0 20 15 25 10 185 190 25 55 175 30 85 30 -9999 5 25 75 50 80 70 -9999 50 65 190 60 60 30 80 75 65 60 10 180 70 80 175 55 175 5 0 5 190 185 175 20 65 30 40 30 35 30 65 180 180 -9999 185 25 190 -9999 -9999 30 -9999 185 180 40 10 190 185 5 180 20 175 55 -9999 175 175 180 60
15 80 180 5 5 0 15 5 10 175 10 70 35 25 30 -9999 -9999 65 40 0 15 10 15 10 25 40 20 85 90 -9999 65 70 185 60 190 45 75 45 180 65 80 45 60 75 15 80 -9999 80 75 30 20 185 55 70 70 35 -9999 10 85 190 75 190 25 40 55 30 25 175 65 35 25 25 185 175 -9999 -9999 10 180 190 25 75 85 20 20 0 180 70 175 80 30 175 175 20
75 10 10 0 25 -9999 -9999 95 95 80 0 75 80 45 180 65 75 -9999 180 0 35 5 35 20 40 30 95 25 85 70 25 175 30 15 80 -9999 30 185 65 65 55 25 70 75 -9999 65 5 175 185 75 70 190 -9999 65 30 190 190 180 15 190 40 65 185 30 35 25 35 175 35 190 40 180 25 180 25 185 20 20 180 175 180 185 10 5 -9999 65 190 20 5 175 20 25 180
70 190 -9999 25 70 70 -9999 25 25 -9999 60 20 70 190 15 70 30 50 185 185 180 35 0 185 -9999 25 20 5 40 35 30 65 45 0 30 65 50 115 30 0 50 175 75 70 -9999 70 65 75 20 -9999 75 15 180 -9999 80 175 185 190 190 190 45 -9999 25 -9999 65 25 25 40 70 185 190 35 -9999 185 30 185 15 25 25 30 190 175 80 175 175 20 65 15 15 175 15 190 180
180 15 65 25 65 15 40 30 75 60 65 45 80 100 100 30 80 95 180 30 15 30 30 15 25 35 0 40 35 40 25 40 70 60 25 25 25 190 65 180 55 60 35 20 100 100 15 185 35 5 80 5 65 65 180 175 175 95 95 35 175 30 30 75 175 25 70 80 15 80 190 190 190 15 190 35 175 190 190 185 175 5 -9999 190 190 175 15 35 25 175 20 60 -9999
