inputlyrs/asc/TSD_t0.asc
NCOLS 805 
NROWS 436 
XLLCORNER -826981 
YLLCORNER 118589 
CELLSIZE 2000 
NODATA_value -9999 
[rows 287 to 327 of 436, columns 0 to 92 of 805]
-9999 -9999 25 60 15 10 70 75 80 15 -9999 15 15 185 180 15 -9999 80 -9999 80 40 -9999 180 -9999 190 10 180 90 -9999 75 175 185 65 15 80 15 10 80 65 -9999 70 75 65 190 185 -9999 185 -9999 190 185 190 0 20 10 25 65 180 -9999 15 20 115 -9999 -9999 185 70 -9999 175 80 175 0 180 185 100 -9999 115 30 70 180 55 175 85 75 -9999 -9999 -9999 -9999 -9999 -9999 -9999 80 80 55 180
-9999 130 65 10 -9999 190 65 80 95 -9999 -9999 -9999 5 80 0 20 75 35 35 70 35 -9999 175 190 185 125 25 35 180 185 -9999 80 -9999 65 70 -9999 -9999 65 185 70 -9999 75 190 -9999 175 -9999 180 175 25 15 20 10 5 50 35 -9999 180 180 25 15 20 190 10 15 -9999 190 75 175 70 185 70 65 190 190 185 15 75 85 -9999 50 120 -9999 -9999 -9999 -9999 80 -9999 80 65 70 70 75 190
-9999 -9999 80 75 45 -9999 30 80 65 20 80 80 70 75 65 -9999 20 35 65 175 30 95 -9999 70 65 75 65 70 -9999 90 65 -9999 65 20 70 65 70 180 85 -9999 190 80 90 180 -9999 -9999 -9999 75 75 80 25 10 -9999 10 80 80 180 -9999 70 175 175 190 185 -9999 30 180 175 -9999 -9999 -9999 -9999 190 70 190 65 70 180 125 -9999 35 65 125 -9999 -9999 -9999 70 -9999 80 80 -9999 30 80 70
-9999 40 70 35 20 65 65 -9999 65 80 70 -9999 0 75 -9999 80 -9999 5 -9999 65 75 75 -9999 15 75 20 -9999 75 10 20 75 75 65 10 180 70 25 185 185 180 70 5 -9999 185 185 185 185 190 75 75 75 70 10 5 180 20 20 70 65 -9999 75 75 185 -9999 80 25 180 130 -9999 185 80 180 -9999 -9999 35 175 0 190 70 185 65 75 35 190 65 65 -9999 30 65 -9999 80 180 -9999
-9999 185 80 70 0 80 -9999 20 80 -9999 65 80 175 85 90 -9999 -9999 30 75 -9999 30 175 40 70 70 65 75 -9999 180 80 -9999 65 65 30 180 65 80 185 40 130 125 80 70 175 175 185 70 70 185 65 175 25 -9999 30 70 75 190 5 175 30 90 180 185 -9999 180 35 180 185 175 65 70 180 80 180 180 80 75 65 5 80 10 185 75 75 185 65 80 -9999 35 -9999 -9999 190 185
75 35 80 80 10 -9999 -9999 180 70 -9999 -9999 10 75 90 -9999 175 90 -9999 -9999 30 25 30 -9999 80 70 80 75 -9999 190 10 70 -9999 -9999 175 85 65 -9999 65 65 180 180 75 175 30 30 10 -9999 65 10 25 -9999 70 185 25 190 190 70 40 65 175 180 180 185 190 180 180 70 180 25 130 190 -9999 175 180 175 75 15 70 75 15 80 80 190 180 85 70 75 15 15 -9999 30 35 -9999
-9999 -9999 65 60 115 45 90 50 70 190 180 -9999 -9999 -9999 -9999 40 -9999 75 30 80 95 65 -9999 65 80 15 75 0 0 175 -9999 -9999 -9999 -9999 80 75 175 175 185 70 190 70 0 190 190 185 -9999 40 5 80 185 40 175 180 185 185 15 10 -9999 65 185 25 180 185 65 25 65 190 40 -9999 185 130 115 -9999 80 15 185 180 70 -9999 5 70 80 -9999 190 -9999 15 70 65 65 20 15 75
-9999 85 125 10 130 190 185 25 35 35 -9999 -9999 -9999 -9999 -9999 30 80 50 175 175 175 180 75 75 0 75 75 90 80 70 70 80 -9999 -9999 75 95 5 65 -9999 185 175 25 190 185 0 65 190 -9999 -9999 15 5 65 20 20 -9999 25 75 -9999 40 180 180 175 185 185 180 80 190 185 35 35 -9999 65 40 30 -9999 190 0 70 -9999 10 -9999 -9999 40 -9999 185 -9999 75 75 75 70 10 15 10
-9999 -9999 -9999 95 90 15 65 85 20 20 -9999 85 -9999 -9999 -9999 20 80 185 185 35 180 75 65 75 70 80 15 190 30 175 70 40 -9999 -9999 80 75 75 80 180 -9999 15 190 190 -9999 130 0 95 180 -9999 5 185 75 185 180 -9999 35 40 10 175 180 190 190 25 -9999 -9999 -9999 180 25 35 180 185 80 70 20 190 -9999 190 185 20 180 65 -9999 190 180 100 180 80 20 -9999 75 65 -9999 180
-9999 -9999 90 -9999 65 -9999 95 95 -9999 120 20 15 175 -9999 130 70 65 20 80 190 40 40 80 -9999 70 70 -9999 190 180 185 -9999 190 70 -9999 -9999 -9999 75 -9999 -9999 -9999 185 70 70 45 70 70 185 -9999 -9999 70 175 10 5 175 65 185 180 80 65 180 40 185 70 180 30 190 175 180 35 30 70 175 20 80 185 175 25 175 -9999 65 0 30 70 190 85 190 -9999 30 70 40 40 40 25
-9999 -9999 75 -9999 35 35 20 65 -9999 15 180 10 85 -9999 -9999 65 65 80 -9999 -9999 15 25 180 -9999 65 75 70 25 -9999 -9999 190 180 100 -9999 -9999 95 -9999 185 185 45 45 185 80 190 180 85 175 15 175 185 10 190 190 175 25 20 -9999 -9999 185 190 -9999 190 180 175 185 190 185 190 190 180 35 30 175 80 180 175 180 70 -9999 90 175 0 80 80 80 65 70 15 -9999 -9999 -9999 180 -9999
-9999 -9999 -9999 -9999 -9999 0 -9999 -9999 -9999 -9999 10 120 130 -9999 0 65 80 -9999 75 0 75 185 80 -9999 -9999 -9999 0 95 190 180 180 180 180 100 -9999 10 85 190 30 180 100 0 -9999 75 -9999 185 10 -9999 -9999 180 85 120 35 175 100 185 190 175 80 35 185 190 180 180 175 180 70 175 180 190 175 190 190 185 -9999 190 180 80 30 185 90 80 15 80 5 185 175 25 70 40 100 -9999 185
-9999 -9999 -9999 -9999 65 30 -9999 25 30 -9999 -9999 -9999 115 10 190 -9999 80 65 65 65 70 85 80 70 -9999 70 30 80 65 180 100 -9999 175 185 65 185 180 15 -9999 180 -9999 130 -9999 -9999 190 15 175 -9999 -9999 175 40 35 10 185 40 35 35 -9999 -9999 180 -9999 55 25 70 65 -9999 185 -9999 185 180 175 180 75 95 175 65 65 80 80 65 185 75 70 190 70 185 130 80 70 20 190 180 185
-9999 -9999 -9999 75 125 0 30 125 -9999 10 95 130 130 -9999 -9999 -9999 -9999 70 -9999 75 80 115 -9999 -9999 125 30 65 80 190 80 30 65 25 30 180 180 185 185 175 175 95 -9999 185 5 25 175 30 75 -9999 15 75 125 130 130 30 40 20 30 35 0 -9999 190 80 185 35 40 -9999 30 25 190 175 190 95 185 30 75 85 25 25 80 20 70 80 -9999 185 185 70 -9999 175 50 -9999 180 95
-9999 -9999 -9999 -9999 -9999 -9999 185 80 25 175 30 -9999 -9999 -9999 -9999 -9999 -9999 180 35 125 35 130 -9999 100 75 75 -9999 185 95 80 120 190 190 80 30 80 -9999 180 180 85 0 175 185 175 -9999 -9999 0 180 95 85 180 130 10 0 185 185 185 65 10 0 -9999 0 40 -9999 40 25 30 30 30 185 175 25 -9999 -9999 40 190 190 35 40 65 70 0 -9999 65 -9999 70 80 180 -9999 -9999 -9999 180 190
-9999 -9999 -9999 -9999 -9999 130 80 -9999 80 60 175 5 175 -9999 -9999 -9999 -9999 120 40 40 130 85 30 75 80 70 75 190 175 185 -9999 180 85 -9999 175 0 115 -9999 125 190 190 190 130 180 175 185 185 -9999 25 125 190 95 90 30 70 30 175 30 85 70 -9999 5 120 15 75 30 30 180 40 -9999 25 20 30 190 -9999 185 -9999 35 175 -9999 -9999 65 190 75 40 25 -9999 100 40 -9999 115 90 35
-9999 -9999 -9999 -9999 -9999 -9999 130 75 -9999 190 190 125 80 65 -9999 -9999 -9999 -9999 190 25 25 25 -9999 0 20 70 80 125 185 180 185 70 -9999 180 75 -9999 180 175 190 -9999 0 85 5 130 185 175 180 175 35 35 -9999 185 15 95 185 -9999 180 65 80 30 120 65 30 0 65 80 185 75 -9999 -9999 40 185 25 10 35 -9999 0 80 20 25 35 30 180 -9999 85 180 175 190 180 175 70 70 10
-9999 -9999 -9999 -9999 -9999 80 115 115 -9999 -9999 30 130 10 75 115 -9999 -9999 -9999 -9999 25 5 115 -9999 30 20 70 5 -9999 125 30 -9999 20 -9999 -9999 -9999 5 5 175 0 180 175 10 20 -9999 5 180 -9999 175 180 5 25 65 20 10 95 -9999 85 80 75 -9999 15 75 0 65 30 180 30 75 25 175 185 175 -9999 80 175 15 20 75 30 40 -9999 30 75 75 40 70 50 -9999 130 25 65 65 65
-9999 -9999 -9999 -9999 -9999 -9999 -9999 25 25 120 20 -9999 -9999 190 185 -9999 -9999 190 180 -9999 -9999 -9999 -9999 175 75 185 35 175 35 115 190 -9999 -9999 180 185 10 180 10 10 20 70 190 30 55 175 180 180 185 85 185 5 20 90 85 175 175 -9999 -9999 190 -9999 90 5 185 190 175 180 190 190 35 190 190 175 115 185 175 70 65 70 -9999 75 65 30 65 55 55 -9999 175 25 40 90 100 185 75
-9999 -9999 -9999 -9999 -9999 -9999 -9999 120 175 100 70 190 0 175 180 -9999 -9999 100 175 185 -9999 -9999 -9999 70 75 35 185 -9999 190 115 190 10 125 5 0 -9999 30 25 90 10 80 -9999 -9999 25 175 175 25 120 175 75 20 20 -9999 30 190 -9999 95 65 90 -9999 80 -9999 75 100 30 180 175 80 75 190 180 35 70 100 30 0 185 35 65 -9999 190 180 190 75 65 185 185 95 35 75 180 180 75
-9999 -9999 -9999 -9999 -9999 -9999 -9999 -9999 -9999 120 190 180 185 120 80 185 180 185 75 -9999 -9999 -9999 -9999 190 175 -9999 95 30 10 15 15 130 -9999 185 65 5 175 20 35 5 185 190 -9999 75 15 -9999 90 185 185 185 -9999 40 190 -9999 70 75 90 65 190 -9999 190 180 85 175 190 25 35 40 180 180 -9999 80 30 180 25 35 35 65 80 -9999 120 70 35 45 60 75 65 175 175 185 95 100 70
-9999 -9999 -9999 -9999 -9999 -9999 -9999 -9999 175 120 175 -9999 80 65 -9999 -9999 175 185 185 -9999 -9999 -9999 -9999 65 180 -9999 65 175 -9999 15 115 60 5 -9999 0 15 15 65 35 65 90 -9999 25 -9999 15 -9999 175 180 185 185 70 10 10 35 90 75 90 185 -9999 175 180 180 100 175 30 75 40 40 90 -9999 -9999 185 90 -9999 40 185 30 25 125 25 80 75 185 80 190 -9999 125 190 85 65 25 185 100
-9999 -9999 -9999 -9999 -9999 -9999 -9999 -9999 190 185 80 180 -9999 70 175 -9999 -9999 -9999 130 180 190 185 -9999 175 185 175 -9999 -9999 -9999 80 75 -9999 30 130 5 20 20 65 90 70 175 -9999 70 0 65 185 180 185 80 65 -9999 70 90 20 85 70 100 5 -9999 -9999 65 185 65 85 80 180 190 100 0 70 180 25 180 185 -9999 185 185 175 70 75 100 30 40 30 15 40 65 35 175 15 80 70 175
-9999 -9999 -9999 -9999 -9999 -9999 -9999 -9999 -9999 130 -9999 -9999 115 -9999 180 180 -9999 -9999 -9999 -9999 185 180 130 115 80 -9999 75 75 -9999 185 10 65 65 80 70 85 -9999 100 -9999 100 90 175 190 175 20 35 190 95 30 80 20 80 80 20 -9999 75 190 -9999 30 70 80 80 75 65 190 -9999 90 180 180 100 15 190 190 80 80 65 -9999 180 50 55 180 40 -9999 -9999 -9999 -9999 40 35 10 185 185 175 65
-9999 -9999 -9999 -9999 -9999 -9999 -9999 -9999 -9999 -9999 190 -9999 75 -9999 -9999 70 -9999 -9999 190 190 180 175 70 185 0 -9999 -9999 80 185 -9999 180 0 80 70 70 100 -9999 -9999 90 95 5 -9999 185 65 90 40 20 0 -9999 65 190 80 85 100 15 175 -9999 -9999 130 115 40 -9999 70 80 65 175 185 190 185 95 45 65 -9999 65 80 -9999 15 70 185 175 75 65 190 -9999 -9999 30 30 80 190 15 15 100 35
-9999 -9999 -9999 -9999 -9999 -9999 -9999 -9999 -9999 115 65 30 -9999 115 180 95 -9999 185 180 65 -9999 75 -9999 0 180 180 180 70 125 70 10 175 185 185 50 0 -9999 185 180 180 15 85 85 35 25 100 0 180 40 -9999 95 85 180 100 75 75 -9999 180 90 120 180 -9999 75 80 25 185 65 190 180 185 175 35 175 35 35 65 185 85 185 70 20 25 15 70 130 190 175 40 40 20 70 15 40
-9999 -9999 -9999 -9999 -9999 -9999 -9999 -9999 -9999 -9999 75 180 175 65 5 95 20 180 75 175 185 185 10 185 190 180 70 175 30 -9999 -9999 -9999 65 80 80 100 185 190 -9999 100 70 175 175 180 70 185 120 180 35 15 75 100 190 180 -9999 180 -9999 40 120 120 10 -9999 70 180 180 185 190 175 175 85 25 90 75 185 75 175 190 35 35 35 35 25 190 40 185 -1 40 30 40 35 10 25 130
-9999 -9999 -9999 -9999 -9999 -9999 -9999 -9999 -9999 -9999 -9999 65 80 80 130 180 35 180 75 185 65 190 70 75 65 90 70 0 -9999 -9999 175 85 65 -9999 75 65 70 15 75 30 20 180 180 180 175 40 175 0 175 185 100 190 180 175 65 175 -9999 75 120 185 -9999 125 190 100 80 30 15 5 175 190 95 65 65 70 -9999 -9999 20 35 -9999 55 180 65 30 70 180 65 -9999 -9999 15 15 190 75 80
-9999 -9999 -9999 -9999 -9999 -9999 -9999 -9999 -9999 -9999 180 60 120 185 175 80 -9999 185 -9999 175 115 70 15 40 190 30 115 -9999 -9999 175 115 175 10 70 -9999 65 100 75 65 -9999 190 175 185 -9999 180 10 85 25 185 175 180 -9999 180 65 80 70 175 190 -9999 50 15 175 120 55 190 80 5 5 185 95 65 75 0 65 15 40 75 190 25 75 185 65 180 70 185 80 90 75 50 190 185 20 75
-9999 -9999 -9999 -9999 -9999 -9999 -9999 -9999 -9999 -9999 115 35 75 -9999 -9999 15 -9999 180 185 190 5 120 190 190 190 35 180 175 -9999 65 70 180 70 80 95 65 80 70 10 175 -9999 180 -9999 -9999 70 60 -9999 40 175 40 65 190 175 180 75 175 75 -9999 -9999 80 5 35 -9999 55 50 75 20 65 185 190 70 80 20 75 65 0 185 -9999 70 190 75 30 190 -9999 -9999 -9999 -9999 80 -9999 -9999 185 85 80
-9999 -9999 -9999 -9999 -9999 -9999 -9999 -9999 -9999 -9999 -9999 70 185 10 -9999 185 185 185 -9999 75 125 25 180 175 190 90 130 180 175 180 190 180 175 70 10 80 15 0 0 180 15 190 -9999 190 0 25 185 180 175 180 175 185 75 185 10 80 75 180 -9999 175 25 80 -9999 30 60 0 180 65 80 20 65 80 75 70 65 175 180 75 65 80 65 175 180 180 190 185 25 80 25 65 30 185 65
-9999 -9999 -9999 -9999 -9999 -9999 -9999 -9999 -9999 -9999 -9999 -9999 30 30 185 -9999 -9999 -9999 -9999 10 30 70 185 -9999 180 -9999 185 190 185 70 180 180 65 45 65 20 65 65 0 75 70 190 175 175 -9999 185 -9999 -9999 20 65 70 65 175 80 95 70 180 180 -9999 180 175 185 190 30 50 90 175 180 65 80 0 -9999 75 70 75 185 65 180 65 190 190 -9999 80 -9999 75 -9999 -9999 70 25 75 80 0 80
-9999 -9999 -9999 -9999 -9999 -9999 -9999 -9999 -9999 -9999 -9999 -9999 -9999 120 130 130 -9999 -9999 -9999 -9999 -9999 45 -9999 180 -9999 75 40 -9999 175 185 10 185 180 190 80 0 70 25 25 80 100 185 175 30 90 190 70 -9999 180 175 -9999 190 185 90 70 70 70 175 -9999 130 190 175 50 0 -9999 25 180 15 10 95 25 80 70 80 75 185 180 175 70 80 190 180 185 80 0 40 75 5 25 190 175 70 80
-9999 -9999 -9999 -9999 -9999 -9999 -9999 -9999 -9999 -9999 -9999 -9999 -9999 25 130 -9999 185 40 80 185 190 185 175 0 80 70 60 35 80 65 190 185 185 190 185 -9999 80 100 0 65 175 185 180 80 -9999 80 65 -9999 -9999 -9999 60 175 175 65 80 75 90 180 -9999 190 185 175 190 70 60 175 180 175 180 -9999 70 -9999 70 75 -9999 25 25 70 175 190 -9999 25 40 55 60 185 0 75 0 10 0 175 30
-9999 -9999 -9999 -9999 -9999 -9999 -9999 -9999 -9999 -9999 -9999 -9999 -9999 95 10 190 35 180 175 190 175 75 -9999 40 70 25 70 55 185 180 60 75 190 190 -9999 -9999 70 180 180 175 175 185 80 65 175 185 -9999 190 175 25 50 180 125 70 85 -9999 180 85 35 180 185 85 120 25 -9999 80 175 175 70 175 190 190 75 60 185 -9999 -9999 85 190 80 35 20 75 45 190 175 190 35 70 -9999 185 180 85
-9999 -9999 -9999 -9999 -9999 -9999 -9999 -9999 -9999 -9999 -9999 -9999 90 180 -9999 185 175 185 190 185 175 65 -9999 80 30 185 75 -9999 80 130 55 -9999 15 30 180 -9999 175 70 190 -9999 -9999 -9999 75 185 190 185 175 180 185 45 180 185 75 190 180 65 75 75 85 175 70 100 175 65 -9999 -9999 0 25 30 175 35 40 70 -9999 30 175 -9999 -9999 180 85 185 0 85 185 190 10 190 180 185 175 175 80 80
-9999 -9999 -9999 -9999 -9999 -9999 -9999 -9999 -9999 -9999 -9999 -9999 180 0 120 5 185 75 190 90 80 100 45 190 -9999 65 70 70 -9999 185 45 -9999 185 180 190 20 185 70 -9999 180 -9999 180 115 70 95 -9999 180 60 -9999 175 180 65 -9999 185 180 190 75 80 175 80 90 70 75 100 70 185 185 65 130 190 25 80 30 185 95 175 190 35 175 180 175 -9999 180 80 80 175 190 185 55 190 190 50 175
-9999 -9999 -9999 -9999 -9999 -9999 -9999 -9999 -9999 -9999 -9999 -9999 -9999 -9999 15 115 25 70 85 65 20 175 75 175 35 80 75 185 -9999 75 80 190 185 175 175 65 -9999 190 175 185 80 75 75 70 190 180 -9999 80 65 50 0 175 190 175 -9999 130 185 185 180 80 -9999 95 -9999 95 30 30 -9999 175 175 10 0 0 75 70 80 175 25 185 190 190 190 185 35 175 190 190 175 50 175 70 175 190 5
-9999 -9999 -9999 -9999 -9999 -9999 -9999 -9999 -9999 -9999 -9999 -9999 -9999 185 0 190 180 180 185 -9999 70 75 10 65 65 175 75 185 175 75 180 65 30 75 190 185 -9999 175 175 185 190 180 190 70 80 -9999 -9999 40 40 65 185 190 35 180 180 175 180 70 85 190 90 175 85 190 80 100 25 180 75 70 80 65 80 -9999 80 70 175 0 185 15 75 175 15 180 70 185 65 10 70 45 175 80 0
-9999 -9999 -9999 -9999 -9999 -9999 -9999 -9999 -9999 -9999 -9999 -9999 -9999 -9999 -9999 80 185 175 185 80 190 115 70 70 185 30 190 65 180 190 175 185 100 -9999 35 75 35 175 -9999 185 70 -9999 185 25 190 175 35 -9999 70 190 180 70 0 185 70 175 185 180 115 180 -9999 75 185 175 175 30 30 65 175 30 80 40 25 30 70 65 75 190 20 25 180 75 175 175 185 185 190 80 75 80 35 185 15
-9999 -9999 -9999 -9999 -9999 -9999 -9999 -9999 -9999 -9999 -9999 -9999 -9999 -9999 -9999 65 175 115 190 95 70 175 120 180 115 130 -9999 180 25 125 190 175 185 65 180 -9999 -9999 75 -9999 175 175 0 185 25 0 185 175 -9999 180 180 175 185 65 65 175 175 65 180 65 100 185 125 50 75 185 100 60 70 65 175 185 100 15 95 15 190 25 70 180 180 190 25 30 -9999 180 180 80 185 30 15 75 -9999 10
