inputlyrs/asc/TSD_t0.asc
NCOLS 805 
NROWS 436 
XLLCORNER -826981 
YLLCORNER 118589 
CELLSIZE 2000 
NODATA_value -9999 
[rows 246 to 286 of 436, columns 372 to 464 of 805]
15 -9999 45 45 5 45 -9999 70 80 65 60 20 -9999 -9999 -9999 -9999 -9999 -9999 -9999 -9999 -9999 -9999 -9999 -9999 -9999 -9999 -9999 -9999 -9999 -9999 -9999 -9999 -9999 -9999 -9999 -9999 -9999 -9999 -9999 -9999 -9999 -9999 5 0 15 20 0 50 10 55 15 50 65 0 15 10 0 0 50 45 10 20 15 70 35 65 50 55 35 50 65 75 45 75 75 -9999 70 85 85 25 -9999 50 45 60 70 70 35 70 175 5 70 75 20
25 100 85 10 60 40 80 35 -9999 20 50 80 -9999 -9999 -9999 -9999 -9999 -9999 -9999 -9999 -9999 -9999 -9999 -9999 -9999 -9999 -9999 -9999 -9999 -9999 -9999 -9999 -9999 -9999 -9999 -9999 -9999 -9999 -9999 -9999 -9999 -9999 -9999 -9999 45 10 55 60 10 50 20 55 50 65 25 45 70 65 70 15 10 25 75 80 70 50 55 55 20 25 85 65 75 70 30 40 70 75 5 15 5 -9999 65 50 75 65 65 65 30 70 75 5 90
10 75 185 -9999 30 35 30 0 45 -9999 65 0 -9999 -9999 -9999 -9999 -9999 -9999 -9999 -9999 -9999 -9999 -9999 -9999 -9999 -9999 -9999 -9999 -9999 -9999 -9999 -9999 -9999 -9999 -9999 -9999 -9999 -9999 0 25 -9999 5 0 55 20 -9999 65 0 45 20 25 70 75 15 80 80 65 80 15 65 5 65 190 45 55 45 75 65 25 0 50 85 75 85 60 75 180 20 40 5 0 15 30 75 60 45 80 35 80 5 95 0 15
75 55 20 65 35 180 40 10 60 45 30 -9999 -9999 -9999 -9999 -9999 -9999 -9999 -9999 -9999 -9999 -9999 -9999 -9999 -9999 -9999 -9999 -9999 -9999 -9999 -9999 -9999 -9999 -9999 -9999 -9999 -9999 -9999 35 55 25 10 -9999 15 80 50 -9999 15 70 40 15 -9999 25 -9999 25 15 0 30 70 70 45 0 35 25 25 15 40 85 50 85 5 5 95 80 70 25 65 70 70 70 80 60 65 20 -9999 70 70 80 65 75 20 75 20
95 5 80 60 10 40 30 5 75 40 -9999 -9999 -9999 -9999 -9999 -9999 -9999 -9999 -9999 -9999 -9999 -9999 -9999 -9999 -9999 -9999 -9999 -9999 -9999 -9999 -9999 -9999 -9999 -9999 -9999 -9999 30 5 0 45 20 -9999 15 0 45 65 15 -9999 75 45 20 75 20 15 0 65 35 -9999 55 55 60 40 15 45 15 25 65 55 65 70 10 70 15 30 15 180 65 80 0 10 10 10 5 0 70 185 -9999 70 0 20 10 75 75
30 25 100 85 40 40 20 30 80 45 -9999 -9999 -9999 -9999 -9999 -9999 -9999 -9999 -9999 -9999 -9999 -9999 -9999 -9999 -9999 -9999 -9999 -9999 -9999 -9999 -9999 -9999 -9999 -9999 25 10 10 0 0 15 -9999 30 -9999 65 5 75 70 180 190 190 40 65 30 35 15 0 0 35 65 55 0 65 65 65 85 75 20 5 100 10 100 75 80 20 180 35 40 45 25 15 15 0 40 40 25 75 65 80 50 0 75 15 80
175 -9999 70 75 75 55 55 55 -9999 -9999 -9999 -9999 -9999 -9999 -9999 -9999 -9999 -9999 -9999 -9999 -9999 -9999 -9999 -9999 -9999 -9999 -9999 -9999 -9999 -9999 -9999 -9999 -9999 -9999 55 15 35 5 0 55 0 0 -9999 20 175 65 55 80 45 -9999 45 50 60 10 75 0 45 80 40 30 10 25 10 70 30 30 15 40 60 5 15 185 75 185 25 55 50 -9999 0 70 65 80 65 60 80 40 70 70 25 15 80 70 70
75 65 70 15 80 45 50 25 -9999 -9999 -9999 -9999 -9999 -9999 -9999 -9999 -9999 -9999 -9999 -9999 -9999 -9999 -9999 -9999 -9999 -9999 -9999 -9999 -9999 -9999 -9999 45 0 20 0 15 15 65 75 75 80 80 65 40 80 0 75 70 50 75 20 15 70 75 25 0 35 15 5 70 70 10 25 5 25 40 45 35 20 95 10 10 75 70 35 190 30 10 20 50 65 0 35 80 60 80 65 10 -9999 10 10 25 0
65 80 90 0 20 25 15 25 -9999 -9999 -9999 -9999 -9999 -9999 -9999 -9999 -9999 -9999 -9999 -9999 -9999 -9999 -9999 -9999 -9999 -9999 -9999 -9999 -9999 75 65 0 15 0 15 35 25 60 10 50 50 40 80 70 0 5 30 20 65 65 65 55 70 15 20 5 75 70 80 55 70 -9999 10 35 -9999 -9999 -9999 175 20 40 40 15 75 65 50 40 25 75 60 65 80 60 15 -9999 0 30 5 70 20 20 10 5 25
75 0 80 25 0 25 20 -9999 -9999 -9999 -9999 -9999 -9999 -9999 -9999 -9999 -9999 -9999 -9999 -9999 -9999 -9999 -9999 -9999 -9999 -9999 -9999 -9999 -9999 15 15 25 25 15 15 70 70 25 70 75 70 45 75 45 10 30 185 65 55 65 70 180 25 55 75 65 180 65 185 60 175 80 65 190 0 190 80 60 60 5 40 15 30 10 60 185 10 25 10 20 80 15 35 -1 55 50 10 -9999 75 55 75 75 75
25 70 65 -9999 15 -9999 -9999 -9999 -9999 -9999 -9999 -9999 -9999 -9999 -9999 -9999 -9999 -9999 -9999 -9999 -9999 -9999 -9999 -9999 -9999 20 60 15 20 15 75 15 80 30 30 80 20 5 25 35 75 -9999 65 5 180 65 70 25 80 180 10 70 50 70 5 180 15 190 175 20 0 190 20 60 75 50 55 80 -9999 15 20 75 15 60 80 0 40 175 -9999 65 15 65 80 75 60 75 40 65 65 5 50 80 75
95 -9999 -9999 -9999 75 -9999 -9999 -9999 -9999 -9999 -9999 -9999 -9999 -9999 -9999 -9999 -9999 -9999 -9999 -9999 -9999 -9999 -9999 -9999 75 15 25 -9999 -9999 70 180 70 65 95 80 15 15 45 80 75 80 55 65 5 45 10 75 190 180 70 185 80 70 70 35 85 20 70 10 85 15 20 10 10 20 10 70 50 65 -9999 60 25 70 30 40 70 -9999 50 75 15 65 65 5 65 20 45 70 70 60 20 25 50 65
20 50 0 15 -9999 -9999 -9999 -9999 -9999 -9999 -9999 -9999 -9999 -9999 -9999 -9999 -9999 -9999 -9999 -9999 -9999 -9999 -9999 0 10 35 70 20 35 65 15 65 15 75 70 30 75 75 10 120 80 60 20 70 40 15 70 -9999 65 185 65 190 175 180 5 0 65 180 65 5 100 70 5 70 100 75 30 80 55 -9999 80 25 70 30 80 10 80 20 10 20 70 75 -9999 10 80 60 75 55 40 50 25 70 60
60 -9999 -9999 -9999 -9999 -9999 -9999 -9999 -9999 -9999 -9999 -9999 -9999 -9999 -9999 -9999 -9999 -9999 -9999 -9999 -9999 -9999 40 45 60 70 0 10 75 60 35 50 50 -9999 80 65 15 70 125 80 20 70 65 -9999 185 35 20 180 -9999 10 20 95 190 25 10 185 90 20 10 15 -9999 15 50 70 180 70 75 45 50 50 -9999 30 75 25 50 75 75 75 70 75 50 70 75 80 20 75 50 0 25 55 10 80 40
175 -9999 -9999 -9999 -9999 -9999 -9999 -9999 -9999 -9999 -9999 -9999 -9999 -9999 -9999 -9999 -9999 -9999 -9999 -9999 -9999 30 10 40 45 25 80 190 75 15 75 80 70 0 65 -9999 80 190 80 80 35 70 75 0 75 5 20 70 5 175 15 65 40 5 10 185 -9999 185 65 0 75 5 70 180 -9999 80 60 80 75 80 80 5 15 75 80 65 55 45 75 20 30 75 80 65 20 65 75 35 0 30 45 70 45
30 -9999 -9999 -9999 -9999 -9999 -9999 -9999 -9999 -9999 -9999 -9999 -9999 -9999 -9999 -9999 -9999 -9999 -9999 -9999 45 -9999 80 25 180 70 30 70 60 -9999 65 75 60 15 -9999 75 75 175 5 180 5 -9999 -9999 75 65 80 15 20 15 25 15 35 85 180 180 65 5 35 90 20 75 10 55 70 65 70 10 15 20 80 55 45 50 65 70 20 40 45 70 50 80 75 80 80 20 70 75 50 50 60 20 50 20
-9999 -9999 -9999 -9999 -9999 -9999 -9999 -9999 -9999 -9999 -9999 -9999 -9999 -9999 -9999 -9999 -9999 -9999 -9999 0 25 50 180 40 30 70 10 180 45 60 0 45 60 80 80 185 80 180 15 175 185 175 70 185 80 180 15 35 10 20 40 -9999 25 0 0 5 15 70 35 20 20 20 70 75 65 185 185 25 30 70 50 50 80 80 25 30 70 40 80 70 75 80 80 65 50 15 15 75 45 50 35 70 55
-9999 -9999 -9999 -9999 -9999 -9999 -9999 -9999 -9999 -9999 -9999 -9999 -9999 -9999 -9999 -9999 -9999 -9999 45 60 55 0 0 25 175 65 50 70 20 15 75 65 65 60 65 -9999 35 35 185 175 65 30 75 70 15 180 10 20 20 20 10 10 10 15 20 10 25 175 15 175 10 20 10 35 75 15 15 45 25 5 35 75 75 30 20 65 15 50 60 75 65 65 75 100 75 70 70 80 60 80 50 45 50
-9999 -9999 -9999 -9999 -9999 -9999 -9999 -9999 -9999 -9999 -9999 -9999 -9999 -9999 -9999 -9999 -9999 -9999 0 10 0 20 70 20 80 180 185 25 5 10 80 45 190 -9999 35 40 35 180 5 180 190 50 10 65 80 75 30 70 20 5 190 190 175 20 5 70 10 80 15 185 -9999 20 175 25 45 35 35 65 10 15 70 75 70 25 25 75 75 70 70 65 75 65 80 70 70 10 70 180 75 5 60 50 75
-9999 -9999 -9999 -9999 -9999 -9999 -9999 -9999 -9999 -9999 -9999 -9999 -9999 -9999 -9999 -9999 -9999 20 0 10 5 75 80 65 65 0 75 0 35 65 30 35 70 35 -9999 -9999 35 185 35 25 75 60 30 70 75 25 180 10 15 15 20 90 -9999 5 15 75 175 70 15 90 10 -9999 75 50 30 30 30 15 20 35 20 70 10 5 65 70 70 80 75 65 65 70 80 65 70 15 55 5 55 80 10 60 0
-9999 -9999 -9999 -9999 -9999 -9999 -9999 -9999 -9999 -9999 -9999 -9999 -9999 -9999 -9999 40 0 -9999 10 0 40 5 25 70 20 190 15 55 65 15 40 15 -9999 35 -9999 95 25 30 20 70 0 40 65 75 30 5 20 5 35 10 35 35 30 75 20 80 5 45 80 25 25 190 75 30 40 30 25 185 10 25 10 35 70 80 75 65 75 70 65 25 75 0 70 35 70 10 25 75 80 50 55 75 65
-9999 -9999 -9999 -9999 -9999 -9999 -9999 -9999 -9999 -9999 -9999 -9999 -9999 -9999 -9999 -9999 15 35 20 50 -9999 25 50 80 15 80 80 15 -9999 40 65 40 40 190 15 40 80 30 -9999 50 80 30 50 70 20 60 5 30 10 10 30 35 70 60 55 40 20 30 20 55 15 60 25 70 30 175 0 40 45 40 80 35 190 80 70 75 80 80 80 80 30 25 80 5 40 70 80 60 175 10 185 10 5
-9999 -9999 -9999 -9999 -9999 -9999 -9999 -9999 -9999 -9999 -9999 -9999 -9999 -9999 -9999 -9999 30 65 185 75 10 15 65 70 20 65 30 30 10 25 65 75 185 185 35 70 100 -9999 35 35 50 45 5 75 50 30 25 40 25 30 70 35 175 35 130 25 10 5 5 70 45 5 5 75 55 25 70 70 35 65 20 20 30 -9999 75 65 70 70 80 75 80 70 50 20 65 10 175 60 55 65 40 185 175
-9999 -9999 -9999 -9999 -9999 -9999 -9999 -9999 -9999 -9999 -9999 -9999 -9999 -9999 55 -9999 50 80 10 10 25 50 75 65 80 30 35 75 70 30 60 80 30 30 35 80 25 75 70 20 175 65 30 45 185 30 30 65 65 180 30 70 120 10 20 35 35 25 45 15 5 40 185 0 70 45 70 80 175 70 65 85 40 5 75 75 70 75 45 175 45 15 50 185 70 5 185 70 40 175 5 185 80
-9999 -9999 -9999 -9999 -9999 -9999 -9999 -9999 -9999 -9999 -9999 10 -9999 -9999 -9999 -9999 30 75 40 75 25 0 25 70 30 50 -9999 65 80 45 55 -9999 70 60 70 15 35 50 75 80 185 75 20 180 5 10 35 30 40 70 -9999 35 25 70 25 5 65 65 5 70 25 30 20 10 180 180 75 20 65 10 60 180 35 0 60 95 55 55 60 55 60 65 75 50 185 75 175 10 15 70 175 70 60
-9999 -9999 -9999 -9999 -9999 -9999 -9999 -9999 -9999 -9999 -9999 80 -9999 -9999 -9999 10 45 0 5 0 25 40 55 5 20 5 75 80 55 75 65 40 20 25 45 -9999 185 45 10 20 5 5 25 15 10 15 15 45 5 75 5 80 25 65 15 15 20 20 20 25 5 30 85 10 40 65 75 5 40 45 10 30 25 25 40 20 175 175 55 185 70 185 65 35 50 190 65 70 5 10 75 50 185
-9999 -9999 -9999 -9999 -9999 -9999 -9999 -9999 60 -9999 -9999 -9999 5 -9999 60 60 30 80 40 -9999 25 30 0 25 10 80 -9999 50 75 65 70 35 65 50 5 30 125 65 75 15 190 175 5 130 65 40 30 20 65 45 55 45 5 10 30 10 80 15 5 15 5 70 70 35 25 75 80 35 190 20 95 40 40 40 60 10 75 75 50 70 25 35 70 30 80 185 175 185 185 15 30 5 60
-9999 -9999 -9999 -9999 -9999 -9999 -9999 -9999 -9999 -9999 15 -9999 -9999 65 45 45 25 35 0 20 15 65 10 0 50 50 80 50 -9999 65 180 50 75 70 70 55 20 20 10 75 15 15 5 45 80 185 65 70 55 5 35 10 30 5 25 -9999 -9999 -9999 -9999 -9999 -9999 -9999 -9999 -9999 -9999 -9999 -9999 -9999 -9999 -9999 -9999 -9999 -9999 -9999 -9999 40 5 75 60 55 60 40 40 30 80 25 70 185 75 190 20 0 75
-9999 -9999 -9999 -9999 -9999 -9999 70 60 -9999 -9999 -9999 30 -9999 -9999 10 0 45 10 30 15 15 0 20 75 75 70 45 70 75 25 80 75 75 0 -9999 60 50 80 5 65 -9999 15 10 75 180 10 75 75 20 5 40 30 0 15 20 -9999 -9999 -9999 -9999 -9999 -9999 -9999 -9999 -9999 -9999 -9999 -9999 -9999 -9999 -9999 -9999 -9999 -9999 -9999 -9999 40 75 60 55 60 55 35 40 60 70 180 15 0 75 55 40 190 25
-9999 -9999 -9999 -9999 -9999 -9999 80 65 -9999 -9999 -9999 50 45 60 75 40 55 10 0 70 75 15 60 40 5 25 40 75 0 40 50 5 35 20 50 60 0 80 45 15 20 190 10 185 0 70 5 60 75 55 15 10 40 25 25 50 -9999 -9999 -9999 -9999 -9999 -9999 -9999 -9999 -9999 -9999 -9999 -9999 -9999 -9999 -9999 -9999 -9999 -9999 -9999 20 25 65 50 75 180 75 185 55 40 180 35 70 185 65 35 10 180
-9999 -9999 -9999 -9999 10 50 180 -9999 -9999 -9999 -9999 10 15 40 0 55 15 10 60 15 10 0 60 55 15 70 60 65 25 50 35 50 60 -9999 25 25 40 -9999 0 80 10 15 180 10 5 10 65 45 55 40 50 45 65 45 70 10 -9999 -9999 -9999 -9999 -9999 -9999 -9999 -9999 -9999 -9999 -9999 -9999 -9999 -9999 -9999 -9999 -9999 -9999 -9999 70 70 15 55 190 35 70 70 5 10 175 180 175 30 75 15 190 175
-9999 -9999 -9999 -9999 -9999 -9999 60 -9999 65 -9999 -9999 15 10 65 50 65 50 25 65 55 45 0 20 70 15 60 80 75 65 35 15 75 45 70 35 10 0 50 65 80 180 180 75 15 40 190 55 10 50 45 15 80 80 65 45 175 -9999 -9999 -9999 -9999 -9999 -9999 -9999 -9999 -9999 -9999 -9999 -9999 -9999 -9999 -9999 -9999 -9999 -9999 -9999 -9999 -9999 -9999 70 70 40 25 5 15 175 10 15 80 0 20 75 10 -9999
-9999 -9999 -9999 -9999 -9999 -9999 -9999 -9999 -9999 -9999 -9999 45 25 5 55 5 50 70 15 75 45 -9999 65 35 70 45 40 80 175 35 75 0 0 50 60 70 65 75 5 185 40 15 20 185 35 80 -9999 -9999 -9999 -9999 -9999 -9999 -9999 -9999 -9999 -9999 -9999 -9999 -9999 -9999 -9999 -9999 -9999 -9999 -9999 -9999 -9999 -9999 -9999 -9999 -9999 -9999 -9999 -9999 -9999 -9999 -9999 -9999 -9999 -9999 40 25 30 185 75 190 -9999 175 25 180 190 190 -9999
-9999 -9999 -9999 -9999 -9999 180 -9999 -9999 -9999 35 10 55 0 15 75 50 65 0 50 40 15 20 30 10 5 70 80 -9999 40 185 190 65 15 0 70 20 10 190 45 185 75 80 125 35 75 70 -9999 -9999 -9999 -9999 -9999 -9999 -9999 -9999 -9999 -9999 -9999 -9999 -9999 -9999 -9999 -9999 -9999 -9999 -9999 -9999 -9999 -9999 -9999 -9999 -9999 -9999 -9999 -9999 -9999 -9999 -9999 -9999 -9999 -9999 -9999 -9999 180 115 190 -9999 -9999 -9999 -9999 -9999 -9999 -9999 -9999
-9999 -9999 0 25 -9999 -9999 35 -9999 55 65 10 55 50 25 35 30 15 45 45 55 0 40 60 35 10 65 65 80 65 35 30 15 70 0 25 65 5 35 80 190 5 70 15 185 75 10 -9999 -9999 -9999 -9999 -9999 -9999 -9999 -9999 -9999 -9999 -9999 -9999 -9999 -9999 -9999 -9999 -9999 -9999 -9999 -9999 -9999 -9999 -9999 -9999 -9999 -9999 -9999 -9999 -9999 -9999 -9999 -9999 -9999 -9999 -9999 -9999 -9999 180 -9999 -9999 -9999 -9999 -9999 -9999 -9999 -9999 -9999
-9999 -9999 -9999 -9999 20 65 75 -9999 -9999 30 35 75 -9999 15 70 15 70 5 30 0 65 70 15 75 75 70 -9999 10 55 40 40 45 55 70 40 40 30 20 5 185 25 10 175 10 185 180 -9999 -9999 -9999 -9999 -9999 -9999 -9999 -9999 -9999 -9999 -9999 -9999 -9999 -9999 -9999 -9999 -9999 -9999 -9999 -9999 -9999 -9999 -9999 -9999 -9999 -9999 -9999 -9999 -9999 -9999 -9999 -9999 -9999 -9999 -9999 -9999 -9999 -9999 -9999 -9999 -9999 -9999 -9999 -9999 -9999 -9999 -9999
-9999 -9999 -9999 -9999 0 -9999 80 65 45 80 185 50 10 80 0 25 10 15 75 75 185 0 55 75 185 45 10 70 40 75 65 50 50 80 80 25 30 30 75 190 15 5 75 175 10 175 -9999 -9999 -9999 -9999 -9999 -9999 -9999 -9999 -9999 -9999 -9999 -9999 -9999 -9999 -9999 -9999 -9999 -9999 -9999 -9999 -9999 -9999 -9999 -9999 -9999 -9999 -9999 -9999 -9999 -9999 -9999 -9999 -9999 -9999 -9999 -9999 -9999 -9999 -9999 -9999 -9999 -9999 -9999 -9999 -9999 -9999 -9999
-9999 -9999 -9999 55 -9999 65 -9999 -9999 20 45 60 -9999 5 30 25 5 0 65 5 65 55 65 25 70 75 55 10 65 75 180 65 50 45 25 5 -9999 50 25 20 180 20 190 185 20 175 75 -9999 -9999 -9999 -9999 -9999 -9999 -9999 -9999 -9999 -9999 -9999 -9999 -9999 -9999 -9999 -9999 -9999 -9999 -9999 -9999 -9999 -9999 -9999 -9999 -9999 -9999 -9999 -9999 -9999 -9999 -9999 -9999 -9999 -9999 -9999 -9999 -9999 -9999 -9999 -9999 -9999 -9999 -9999 -9999 -9999 -9999 -9999
-9999 -9999 -9999 -9999 75 60 25 25 50 80 70 5 25 10 75 60 10 15 70 40 65 75 65 80 75 75 15 65 180 80 -9999 75 55 20 65 25 60 80 70 70 35 185 30 10 190 55 -9999 -9999 -9999 -9999 -9999 -9999 -9999 -9999 -9999 -9999 -9999 -9999 -9999 -9999 -9999 -9999 -9999 -9999 -9999 -9999 -9999 -9999 -9999 -9999 -9999 -9999 -9999 -9999 -9999 -9999 -9999 -9999 -9999 -9999 -9999 -9999 -9999 -9999 -9999 -9999 -9999 -9999 -9999 -9999 -9999 -9999 -9999
-9999 50 -9999 -9999 55 75 -9999 55 70 70 75 75 65 15 20 -9999 80 0 70 75 80 75 190 60 40 65 70 -9999 35 70 35 50 55 55 30 65 65 -9999 5 70 75 10 10 55 190 190 -9999 -9999 -9999 -9999 -9999 -9999 -9999 -9999 -9999 -9999 -9999 -9999 -9999 -9999 -9999 -9999 -9999 -9999 -9999 -9999 -9999 -9999 -9999 -9999 -9999 -9999 -9999 -9999 -9999 -9999 -9999 -9999 -9999 -9999 -9999 -9999 -9999 -9999 -9999 -9999 -9999 -9999 -9999 -9999 -9999 -9999 -9999
80 -9999 -9999 50 10 -9999 65 75 -9999 5 10 -9999 75 20 70 50 70 80 20 0 5 50 10 30 20 65 10 -9999 0 185 180 -9999 70 190 175 5 70 65 60 75 25 185 175 130 55 35 -9999 -9999 -9999 -9999 -9999 -9999 -9999 -9999 -9999 -9999 -9999 -9999 -9999 -9999 -9999 -9999 -9999 -9999 -9999 -9999 -9999 -9999 -9999 -9999 -9999 -9999 -9999 -9999 -9999 -9999 -9999 -9999 -9999 -9999 -9999 -9999 -9999 -9999 -9999 -9999 -9999 -9999 -9999 -9999 -9999 -9999 -9999
